CX1	CX2	CX3	CX4	CX5	CX6	CX7	CX8	CX9	CX10	CX11	CX12	CX13	CX14	CX15	CX16	CX17
TCGA-02-2483	0.295558744547719	0.0231327068564355	0.410119300991354	0	0.0798439086452437	0	0.0547338249919778	0	0	0.00497733101874312	0.0689988401688531	0.00128187051716685	0.030866732968482	0.0184954600521045	0.0119912792419208	0	0
TCGA-02-2485	0.727143633990305	0	0	0.0602288376691702	0.05059881515226	0.039696675513833	0.00311483855534885	0	0.0380685254466399	0.042821831101099	0.00722906725624828	0	0.0310977753150959	0	0	0	0
TCGA-04-1331	0.332712163430479	0	0.359278937301266	0.042751436383254	0.0489544673425211	0.00103148793420722	0.0261119558650934	0.00312900802506051	0.0160070783952659	0	0.0251077672962604	0.000571628290051313	0	0.00999103951751259	0	0.0106461789170247	0.123706851302004
TCGA-04-1347	0	0.184183177414057	0.214371449105462	0.0254113365915518	0.319089137657346	0	0.0402373091235986	0.0084034089698104	0	0	0	3.38679199825739e-05	0.00203964901320975	0	0.180460480228074	0.0257701839769071	0
TCGA-04-1349	0.553216262457391	0.0324421886171838	0.236465269167958	0.0692192195390662	0.0415088073666492	0.0196083736871785	0.00401213602599037	0	0.0304229059578287	0	0.00401488641042272	0.00216639935730632	0	0	0.00692355141302531	0	0
TCGA-04-1367	0.544946411700767	0.0856590003591722	0.250886830469424	0	0	0.00660545813130352	0.00898212572249414	0	0.0161544128085783	0	0.0135599789889848	0.0130391918930655	0	0.000645353066270619	0.0595212368599399	0	0
TCGA-04-1514	0.36527839071036	0.156260317263391	0.201413315694376	0.0423768717046859	0.113229632375298	0	0.00884075092420141	0	0.0410464789347023	0	0.0331841948544905	0.0175077525282394	0	0.0208622950102547	0	0	0
TCGA-04-1542	0.194492826518506	0.125804965038869	0.420715187373283	0.0408616695829638	0.136884473690241	0	0.0205691989692564	0	0.0195731711671732	0.0114951956481642	0	0.0113438383975874	0	0.0108358136638403	0	0.00742365995011613	0
TCGA-05-4389	0.353684797544009	0.101021513036186	0.216354262689537	0	0.0787842509395465	0.0104124146747795	0.0608340296631425	0.000328067668158127	0	0	0	0	0	0	0.178580663784641	0	0
TCGA-05-4395	0.517383980930306	0.0831630978405589	0.19884136739494	0.0435473202925311	0.0700845733599802	0.0202160451443574	0.0130215337280887	0	0.0384861461160295	0	0.00755534266859874	0.00408200803443002	0	0	0.00361858449017952	0	0
TCGA-05-4396	0.594090964109583	0.173212200793932	0	0	0.109999216849615	0	0	0.0216855885396789	0	0.0387179617541692	0	0	0.000949588053328012	0.00579397975065254	0.0389269321033514	0.0166235680456898	0
TCGA-05-4397	0.344424257626369	0	0.354597936815512	0.156517283454432	0.0388334075266474	0.0144848756793577	0	0	0	0.0153834837104869	0	0.00840605667582531	0.000772304944500637	0.00222235398042075	0.0643580395864481	0	0
TCGA-05-4420	0.144257187085277	0.0848221864727404	0.44097855122907	0.0316277459007718	0.109431019710306	0	0.025559622281214	0.00138860814939331	0.000391321356854288	0	0.0268797701830089	0	0	0	0	0	0.134663987631366
TCGA-05-5429	0.818714980368775	0.0179542776036672	0	0	0.00136248317213968	0.0486440719883677	0.055951947094166	0	0	0	0	0.00214167985678269	0	0	0.0476911808389906	0.000725002164586477	0.00681437691252478
TCGA-06-0145	0.63543651334876	0.172637001875317	0.097274058419575	0	0.0368014703320339	0	0.00421353403141601	0	0.0166367287139819	0.0180182583650621	0.0160790991208511	0.00290333579300267	0	0	0	0	0
TCGA-06-0157	0.776448442250479	0.112621604200296	0.0344101067264554	0	0.0403358724688407	0	0.00237870765961144	0	0.00654091771034757	0	0	0.012035281794313	0.0152290671896568	0	0	0	0
TCGA-06-0214	0.570731489865327	0.176093811724146	0.105067965815034	0	0.00144291272095786	0	0.0176137487382561	0	0.0112666842321991	0	0.0295182808867218	0	0.00467094771603689	0.0120675543923495	0.0715266039089714	0	0
TCGA-06-0686	0.669311173276578	0	0	0	0.0638520322535865	0	0.0160461688305554	0	0.0398068332050934	0	0.117217211395451	0	0.0654656550609871	0.0283009259777481	0	0	0
TCGA-06-0744	0.634892210837107	0.157637327735003	0.0615494705007628	0	0.0237033517855794	0.00556513006279099	0.00594751444412323	0.00310245771076195	0	0.0125584964899805	0.0473808086560322	0	0.0167768242148054	0	0.030886407563053	0	0
TCGA-06-0745	0.642729667446463	0.143849277616513	0.100454310830708	0	0.0357063798558951	0.000880364640058837	0.0100851095789984	0	0.014244836463176	0	0.0453855607942178	0	0.00666449277396964	0	0	0	0
TCGA-06-1086	0.859733544027431	0.0583977041315977	0	0.0156122726802753	0	0.0433735745780524	0	0	0.0124813373188454	0	0	0.000634428855732628	0	0.00976713840806533	0	0	0
TCGA-06-2570	0.823648868549107	0.0913838866959889	0.0750288779713995	0	0.00731498019126193	0	0	0	0	0	0	0	0.00262338659224244	0	0	0	0
TCGA-06-5411	0.907243735903491	0.0214907265960525	0	0.0052875645271211	0.00285771146700753	0.0201897141783644	0.0126866646081442	0	0.00849398708457737	0	0.00292238192025116	0.0092775768779789	0.00954993683701126	0	0	0	0
TCGA-06-5415	0.658435378039535	0.140260686557805	0.176937057813327	0.00570661889261354	0	0.00458665218347523	0	0	0	0.00103857889494166	0	0.00835400231355783	0.00468102530474511	0	0	0	0
TCGA-09-1666	0.408977462513101	0.105867235963159	0.478305100420638	0	0	0	0	0.000871205335877456	0	0	0	0.0059789957672238	0	0	0	0	0
TCGA-09-2045	0.468504252846889	0.112452297186803	0.398193377863786	0	0	0	0	0.000698394090196267	0	0.00442741584838526	0	0.0157242621639411	0	0	0	0	0
TCGA-09-2050	0.21609009546712	0.176831315651108	0.490106797044614	0	0.0300574240638744	0	0.018402049837939	7.8704628975414e-05	0	0.0027122789259776	0.0492093734622994	0	4.39147127587699e-05	0.0132311558821233	0.00323689032321011	0	0
TCGA-10-0937	0.308068012270506	0	0.45753768839564	0.112725757781368	0	0.00309010362607168	0	0.0121854362633179	0	0.0206167763467674	0	0	0	0	0	0.0201965037771706	0.0655797215391577
TCGA-10-0938	0.087249456561631	0.0842209195499326	0.262250768099788	0.0506657193483175	0.256332371885335	0	0.0905070317424113	0	0.0469543486157643	0	0.0909508875152249	0.0163955413162961	0.0104788346661439	0.00399412069915548	0	0	0
TCGA-13-0723	0.290082127830442	0.189682608036777	0.197807888154511	0.0553149444374457	0.174313742042782	0.0128625415433641	0.0162794824607985	0.00390272146028946	0.0223262951837723	0	0.000868711249448224	0.0014425869020295	0.0115769661749469	0	0	0.0235393845233927	0
TCGA-13-0727	0.42599860099304	0.161815403263988	0.260264742232094	0.0491563803627074	0.00873937369015073	0.0203313910728467	0	0	0.0208959191130489	0.0119609025926482	0	0	0	0	0.040837286679477	0	0
TCGA-13-0890	0.280451569255672	0.156253321419488	0.465898442665327	0	0.0231569906473274	0.00454346045058659	0.00892841865921965	0.00030600640037108	0.0173721482675233	0	0.0130256803607734	0.00112674308046614	0	0	0.0289372187932452	0	0
TCGA-13-0906	0.228163907159113	0.0626162496989951	0.461304242905002	0	0.0713883988121466	0	0.0210775310982068	0	0.0174829978331136	0	0.0214898406158577	0.00018747567883177	0	0.0104972001472237	0.10579215605151	0	0
TCGA-13-0912	0.474637861296142	0.176009339191957	0.1141458380188	0.00969246376476778	0.0817173051940532	0	0.00781358533914115	0	0.0428623469106864	0.0278189750519573	0.0613322132697915	0	0	0.00397007196270381	0	0	0
TCGA-13-1487	0.0235099088019827	0.242710404799513	0.226333262178162	0.0228083431722321	0.338762522141823	0	0.0892383971352039	0	0.000162003728379533	0	0.0410501763181662	0.000626008635561254	0	0	0	0.0147989730889761	0
TCGA-13-1491	0.357371787234925	0.135716824128759	0.336290429391111	0	0.0205717082326221	0	0.00461419247587016	0	0.0273609513082335	0.0336593795685904	0.0715552978802818	0	0	0.0128594297796077	0	0	0
TCGA-14-0786	0.893075470055935	0.0815481728194209	0	0	0.0124384163459647	0	0	0	0.000539871403979101	0	0.0123980693747003	0	0	0	0	0	0
TCGA-14-1459	0.668629038900234	0.0738989044489103	0.165653966196814	0	0	0	0.0174510530754818	0	0.000970962562363341	0	0.0639447530411005	0	0.00670441394091602	0.00274690783418014	0	0	0
TCGA-14-1823	0.521208227595365	0.0447212650524133	0.222335924636383	0.0224737425346743	0.0251468384781791	0.0236407195005931	0.0460360204514708	0	0.0283522661742402	0	0.0570025217018979	0	0	0	0	0	0.00908247387478371
TCGA-14-2554	0.741784864651375	0.11967027967541	0.0842667192425985	0	0	0.000730080120762956	0	0	0.00591199565335911	0.00216360979136658	0.0391283411027969	0	0.00634410976233089	0	0	0	0
TCGA-16-1063	0.716274982617212	0.0912436241608359	0.0702849864151506	0.00459460270013553	0.0106944688198862	0	0.00217669627626386	0	0.0252286384826407	0	0.0717232971877034	0	0.00777870334017174	0	0	0	0
TCGA-18-3408	0.692772378622412	0.100164552722178	0	0.0077100689420941	0.0839996210636434	0.0258128004715094	0.0136119367388033	0	0.0163176207649173	0	0	0.00171415366759337	0.0139161823318105	0	0.0439806846750396	0	0
TCGA-18-3415	0.387568640046908	0.0801499706234395	0.34938805083933	0.0194651208666547	0	0.00874697871477649	0.0051334464733317	0.00203131461554012	0.0279101914797563	0	0.0363811895821681	0	0	0	0	0	0.0832250967580958
TCGA-18-4721	0.385121674870146	0	0.340014443057138	0.0990056412125398	0.0709103254547455	0.016662531259018	0.00822825649411908	0.0158301824422212	0.0436809971103828	0	0.0124826437101236	0.00262253007460593	0.00544077431496042	0	0	0	0
TCGA-19-2620	0.737350133178336	0.0906191302104725	0.0847372962952763	0	0.0150642721010061	0.00194096108056187	0	0	0.00747923444011385	0	0.0247463479939261	0	0.0133403431933423	0.00123229730705986	0.0234899841999057	0	0
TCGA-19-2624	0.783955384956121	0.0496542948458211	0	0	0.0555560015749479	0	0.00325873276448252	0	0.00159104493194533	0	0.062295395730599	0.00111242150991188	0.0425767236861716	0	0	0	0
TCGA-19-2629	0.564552209369691	0.048130705407162	0.26229747049948	0.0355012746308526	0.00310128955844702	0.0299817873788321	0.00975037493347379	0	0.0112396391259934	0	0	0	0	0	0.032477866538357	0.00296738255771163	0
TCGA-19-5960	0.619454918465672	0.15141784646791	0	0.0110633132765958	0.089757290859095	0.0044226659369401	0.0181625557438025	0	0.0141958049705258	0	0.059052504654726	0.00724159863128233	0.0252315009934505	0	0	0	0
TCGA-21-1078	0.844160373848787	0	0	0.0747381401539607	0	0.0389546903582904	0	0.0116813524384627	0	0	0	0.00522612366774251	0	0.0252393195327566	0	0	0
TCGA-21-1082	0.348962717384362	0	0.425743242610501	0.0970761135126256	0.0329946686771265	0.00755113670067254	0.0123562064235817	0.00866961643894682	0	0	0.0197758812535222	0	0	0.00843593780648525	0	0.00709507762842473	0.0313394015637519
TCGA-21-1083	0.133324409172867	0.0581396809445497	0.346628782553478	0.0918733891690576	0.268101527116345	0	0.0593098984617274	0.0222530034035421	0	0	0.0162044610842049	0.00416484809422805	0	0	0	0	0
TCGA-21-5782	0.395728401030761	0.123132747531028	0.404162236443597	0.00780236629441161	0.0430928058744582	0	0	0	0.0202195011816445	0	0.00586194164409941	0	0	0	0	0	0
TCGA-22-5477	0.309632443191258	0.0250098095457604	0.3522894491107	0.106531806664572	0.039705692565008	0.00876497322970133	0	0	0.064719233943188	0.0226152783811565	0.0641616689744492	0	0.00656964439420556	0	0	0	0
TCGA-22-5485	0.534593795854656	0.0518592687751738	0.204069601530501	0	0.038024327200415	0	0	0	0.0118895562124826	0.0259379530909865	0.00501970834399904	0	0	0.0142594729841216	0.111688860277693	0.0026574557299711	0
TCGA-22-5492	0.560608700763996	0.100163712130693	0.215801542812158	0.0198595729281786	0.0235512417676491	0	0	0	0.0301978796852287	0	0.0268562777186404	0	0.000812906305752411	0	0.0221481658877045	0	0
TCGA-23-1110	0.157411740169882	0.105704106591427	0.529149147800868	0.0357640193586947	0.0835895306713189	0	0.000516555186276749	0.000314717482227029	0.0325653565842428	0	0.0198104267796214	0	0	0.0125608423780565	0.0226135569973846	0	0
TCGA-23-1118	0.0434422490644157	0.0396626280487067	0.525455212378619	0.0646298216884561	0.159654192170625	0	0	0.0791102249830176	0	0.0411319663604599	0	0	0	0	0	0.046913705305699	0
TCGA-23-1124	0	0.182379707780531	0.310795560163269	0.0509864984544395	0.273506917334442	0	0.0140345835984001	0.00444112066531647	0	0	0	0	0	0	0.122432819649784	0.0414227923538173	0
TCGA-24-0982	0.360796070904015	0.155910625181686	0.32348025784722	0.0181774928542041	0.072144260464056	0.00912255004511509	9.23837651892313e-05	0.00901288904113724	0.0277584515264814	0	0	0	0	0	0.0172197119729424	0.00628530639795358	0
TCGA-24-1103	0.278669667035301	0.13862984928531	0.401758911359048	0	0	0	0	0	0	0	0	0.0146394390178053	4.65460801409477e-05	0.00221530912597831	0.164040278096417	0	0
TCGA-24-1419	0.576473878259242	0.086980544540593	0.214899844314076	0.00865043045376459	0.0100525345607672	0	0.00640761387571386	0	0.0481390038741128	0	0.0377409607509654	0	0	0.00717215368394202	0	0.00348303568682374	0
TCGA-24-1466	0.0410922602494789	0.274144694558303	0	0.202236354213207	0.423966845039351	0	0.0267566679361306	0.00159910063020281	0	0	0	0.0280256003454396	7.14312081419647e-05	0.00210704581974544	0	0	0
TCGA-24-1544	0.317885388236156	0.178991205960709	0.110014877441794	0.021952476168008	0.119151000968001	0	0.000563309895145056	0	0.14577843145039	0.072744520940254	0.0273313665125234	0	0	0.00558742242701907	0	0	0
TCGA-24-1548	0.525164580538326	0.0312825894277007	0.232824677464231	0.0842250847955121	0.0159300985851267	0.0156969415705794	0	0.0137193859583569	0	0.0183854328511347	0.0381842934779714	0	0.00076246833527333	0	0	0	0.0238244469957877
TCGA-24-1552	0.101096140131492	0.128841425754718	0.42256873699815	0.00391988443439625	0.224288890570647	0	0.0535520017054674	0.011456736042715	0.0206592119418774	0.0234127443060852	0	0.00545036335357075	0.00102679189365337	0.00372707286722814	0	0	0
TCGA-24-1557	0	0.126298513051266	0.39370568040933	0.0460696741054385	0.20953233589294	0	0.040353090063438	0	0	0	0	0	0	0	0.158999922581758	0.0250407838958298	0
TCGA-24-1558	0.236719582713395	0.176913800775462	0.153697984671576	0.048847739856074	0.189017996887408	0	0.0103084148622332	0	0.10859186194951	0	0.0581755924960729	0.00205538592211373	0.00504412360985878	0.0106275162562956	0	0	0
TCGA-24-1562	0.265629775624013	0	0.353183873572827	0.00361670208978653	0.105562313275101	0.0125036537672679	0.0361563641385424	0.0859843680307994	0	0.072754046030894	0	0	0	0	0.028804673395002	0.0358042300757668	0
TCGA-24-1614	0.211710277499417	0	0.514914169345747	0.0956505654298034	0.0497035368025392	0.000777131913269338	0	0.00247299086477218	0	0.0123999389510512	0	0	0	0	0	0.0195656106683954	0.0928057785250052
TCGA-24-2024	0.354877093882733	0.0454058678802881	0.356515752552302	0	0.0291253666442312	0	0.00118891130944975	0	0	0	0.0141164982489463	0.0068910421357153	0	0.00494061201808952	0.186938855328245	0	0
TCGA-24-2290	0.143317167999572	0	0.560122744706345	0.0531556914787098	0.0308249132218312	0	0.0165562864716714	0.0071841167331143	0	0	0.0287277905314815	0.00172797992902651	0	0	0	0.0147556431766604	0.143627665751588
TCGA-25-1632	0.280527226907957	0.0966051252395778	0.186227308554613	0.081309977119585	0.199593244763305	0	0.00062468518462077	0.0270063686203432	0.0259107064437934	0	0.00491340741307752	0.0055228043103914	0	0.0181178296259593	0.0719351228868166	0.00170619292995959	0
TCGA-25-1634	0.079969390647616	0.202575661255655	0.17645605268665	0.0547362867982622	0.172125809824239	0	0.0242782918432607	0.0137031010925102	0	0	0	0.0076834356457131	0.009795401490505	0	0.258676568715589	0	0
TCGA-25-2391	0.492211965357685	0.113565110428197	0.295633831600464	0	0	0	0	0	0.0140813884065726	0	0.0189691230537659	0.0201926354136259	0	0.000568759898637828	0.044777185841052	0	0
TCGA-25-2400	0.123656496674012	0.205210368294497	0.155698678632499	0.0632670387031551	0.310104955377174	0.0017439079555833	0.0278617984026496	0	0.0930109127884682	0	0	0.00616105225708326	0.0132847909148787	0	0	0	0
TCGA-27-1831	0.836302213419745	0.120912446936338	0	0	0.00619936529391146	0	0.000658184393956223	0	0.00888091953656185	0	0.0270468704194876	0	0	0	0	0	0
TCGA-27-2523	0.736597246191518	0.155157097984893	0.0282306144623939	0.00226845857621365	0.022610132299812	0	0	0	0	0	0.0240517061867481	0.00183923996876973	0	0	0.0174626118265327	0.0117828925031192	0
TCGA-27-2528	0.706470659894129	0.0653083216677865	0.0428759104174394	0	0.0897819378052438	0	0.0109296166155622	0	0.00846738670412923	0.0121703226944672	0.0404373067764594	0	0.023558537424783	0	0	0	0
TCGA-32-1970	0.583650286180899	0.139822413463598	0	0.0136136972248653	0.0996561605268074	0.00880749650946444	0.0320138715772156	0	0.0411633477480209	0	0.0663368634314366	0	0.0149358633376934	0	0	0	0
TCGA-33-4586	0.48051368893744	0.027947711731912	0.218539037091167	0.0745224868005361	0.079043705684036	0.00146470377822318	0	0.0175102562681041	0.0176093954888372	0.0265128224573277	0	0	0.00701208401336781	0.0379492704724181	0	0	0.0113748372766308
TCGA-34-2600	0.398426609602523	0.00476109000977569	0.413275967459632	0.0259228262084873	0.00863926090094165	0	0.0198263125799126	0.00070777692027119	0.0420177163384099	0	0.0256749145080634	0	0	0.0208182740656222	0.0399292514063615	0	0
TCGA-34-5240	0.634060502819435	0	0.222377664480801	0.0659076148958388	0.0302672781612962	0.0126538102899224	0	0.00654627685149015	0	0	0	0.00078359812123524	0.00138784047792308	0	0.0260154139020579	0	0
TCGA-36-1574	0.457793818719945	0.112549080347789	0.418115164467125	0	0	0	0	0.000720011436391527	0	0	0	0.0061691732844628	0	0.00465275174428648	0	0	0
TCGA-38-4628	0.188299678874423	0.0328465000502607	0.279967416497475	0.0499480829960593	0.191071118236603	0	0.00110034513998319	0.0486046128409047	0.0100371995049392	0	0.00741467316379233	0	0.00730399346664031	0.00754886134927501	0	0.0113617091722049	0.164495808707439
TCGA-41-5651	0.705061044333345	0.0725225926415	0.15456363150914	0	0.00284835543796811	0.000899040849184554	0	0	0	0	0	0.00146100117165354	0.00242228578242752	0.0297674259503028	0.0304546223244786	0	0
TCGA-49-4486	0.747877358727993	0.066897293000529	0	0.0428104923846867	0.0943710871530157	0	0.00378331050789743	0.00994487265324522	0	0	0	0	0	0	0.0152427441185116	0.019072841454121	0
TCGA-49-6742	0.69903804340827	0.0349144896838306	0.121183000630532	0.0995798109745127	0	0.0451998305087441	0	0	0	0	0	8.1329586561725e-05	3.49520754894224e-06	0	0	0	0
TCGA-50-5932	0.637072285868825	0.175971241315335	0.0742896483386032	0	0.0528362504948558	0.00496280223979606	0	0	0	0	0	0	0	0	0.00684311310548813	0.0274892132772325	0.0205354453598643
TCGA-50-6591	0.232067655455865	0.0893899123758903	0.32362912684408	0.0244998859988236	0.115161064594579	0.00940319002913511	0.0358975791846142	0.0465016898170532	0.00951725244786737	0.00957843496073634	0.0492471887351805	0	0	0	0	0.0253434010367727	0.0297636185194026
TCGA-50-6597	0.331270777502778	0.0983657775678395	0	0.060680846456469	0.244234709402598	0.00300582548591609	0	0.00865835802258568	0.146340547945251	0.064212499292407	0	0.00836419274020174	0.0222746249195433	0.0125918406644106	0	0	0
TCGA-52-7812	0.534678169007188	0.0562634906716251	0.27749200554323	0.0349239447934377	0.0324304977559437	0.00438183496160452	0	0.000190882404090137	0.0206651433043838	0	0.00921335588695215	0.00636093611596524	0.000580974583938914	0	0.0228187649716408	0	0
TCGA-55-6972	0.612823243216344	0.107340758718113	0.110278325124938	0.0171636263126539	0.0167840175507329	0.0256752604987812	0.0444233599434291	0	0	0.0049423114236779	0	0	2.74124739214605e-06	0	0.0600098547836353	0.000556501180302267	0
TCGA-56-1622	0.41528689361675	0.0592163738662259	0.175466702258154	0.0574129687475793	0.105920350553435	0.0103890981630624	0	0.0226014465478485	0.000649934635695382	0.058612569397767	0	0.0121743956892734	0.0170961731667306	0	0	0	0.065173093357479
TCGA-60-2698	0.178712580519417	0.0720109732677457	0.512829689506933	0.0323237168168749	0.102549492342891	0.00463306802546576	0.0156625718826188	0.00667367744626784	0.0671118305439716	0	0	0	0	0	0	0.00749239964781441	0
TCGA-60-2711	0.392302280305843	0.1072969279706	0.212096678072051	0.0180484748805241	0.0848429817491115	0.0134424173742716	0.00787460847170301	0	0.0372428410715929	0	0.0186729912800259	0	0.0184079079499776	0	0.0097374012995104	0.0109129865278544	0.0691215030469351
TCGA-60-2713	0.422643651050944	0.139773561280696	0.290815516056559	0.0128585712528294	0.0733160816034752	0.00978685168240431	0	0	0.0352712049004726	0	0.00236790417623093	0.00890640866628161	0	0	0	0.00426024933010687	0
TCGA-60-2719	0.509786039615053	0.000717907827698821	0.208833598306561	0.0659127610893332	0.0813336270792205	0.0165008826847481	0.00158013520872577	0.0292877627009576	0.042423069508611	0.0428008695070354	0	0.000823346472056034	0	0	0	0	0
TCGA-60-2722	0.295197000703902	0.0423429700016764	0.339050226347423	0.0524197498576228	0.134686269341768	0.010480976446949	0.0366580511339809	0	0.0601974924207069	0	0.0259786244880844	0.00298863925788722	0	0	0	0	0
TCGA-60-2724	0.568795454423401	0.0911672524552588	0.169349929660187	0.0250798942878809	0.038168416958817	0.0313656436523253	0.0236369359256307	0	0.0350327742091743	0	0.00491082251235916	0.0058421638490276	0	0.00406821167827084	0.00258250038766814	0	0
TCGA-60-2726	0.356125711008701	0.0620317667523275	0.276362153967843	0.0709347151303262	0.142331977325766	0	0	0	0.0401432045018568	0	0.0089907316102514	0	0.0126522599846772	0.0157530085354043	0.0146744711828474	0	0
TCGA-61-2000	0.0714492997350391	0.077052416020785	0.0231565882329552	0.288036018459264	0.271397683004722	0	0	0.00697120089756815	0	0.0789089741297518	0	0.0215916175117321	0.00441942981475194	0	0.075786711911085	0	0.0812300602823456
TCGA-64-1678	0.380966298803788	0.0850235570160496	0.206585296799342	0.0487328327633487	0.119654448001282	0	0.00870359204333161	0	0.0683533548466253	0	0.0233476679990646	0	0.00784994708143197	0.0110054459449275	0	0	0.0397775587008096
TCGA-64-1680	0.248356492486333	0.0294426535783113	0.353261645293537	0.0491617486583605	0.0502157164679613	0.0105248154625319	0.0336080452797974	0.017290454380832	0.0239224862680688	0	0.0813058312924496	0.00596300188242118	0	0	0	0	0.0969471089493959
TCGA-66-2756	0.135775519453478	0.150626269659647	0.197549395766449	0.0687813297141595	0.295414889232998	0.000701787476464633	0.0175069254703692	0.0555868666962141	0.0295242525130415	0.00643806900125779	0.0278390552239916	0.00626154126771341	0.00799409852421704	0	0	0	0
TCGA-66-2766	0.133069016681824	0.119484739346151	0.373833760655463	0.0579866009131673	0.163260054515275	0	0.00533607399141004	0.000712778850187108	0.0461881991932809	0	0.0161657554384139	0.0117021758484404	0	0.00146325921225236	0	0.0227319421884579	0.0480656431656769
TCGA-66-2789	0.38458298165143	0.148675134478964	0.354184005924222	0.0124458463380588	0	0	0.00290830808903531	0	0.0186767985267767	0	0.0627744069555797	0.00149130486545918	0.00108141910867659	0.0131797940617973	0	0	0
TCGA-66-2793	0.231258432190444	0.082471517947582	0.283645338369574	0.066467939614108	0.139910102155754	0	0.0105204300518038	0	0.0928592443877849	0.0695667911656547	0.0207804811511196	0	0.000823281827438732	0.00169644113873678	0	0	0
TCGA-66-2795	0.311219089784275	0.054053095278874	0.423601987616261	0	0.0805598942537653	0	0.0209775626147829	0.00551083783374156	0.0248138472254677	0.0539874854932659	0.00692836049483435	0	0	0.0183478394047321	0	0	0
TCGA-67-3771	0.263248017681227	0.146156245386355	0.399455068075652	0.0479433135871819	0.0928738177788768	0.00374796067847998	0	0.0279926916909892	0	0	0	0	0	0	0.00692911125087286	0.0116537738703644	0
TCGA-67-6215	0.741761047961405	0.0186836738044238	0	0.0587425785615799	0.0491685757233524	0.0427708836536105	0	0.0232486444918725	0	0	0	0.00854717885028671	0	0.00718012833923887	0	0	0.0498972886142308
TCGA-68-7755	0.407472725966937	0.0232746675882287	0.268351761083385	0.0630108216600015	0.101919127938793	0.0126718487929285	0.011195187432825	0.0076386464281267	0.0713792993324535	0	0.0206383742715356	0	0.00363931954556503	0	0	0.00880821995922122	0
TCGA-68-8250	0.254733859169551	0.089446662714088	0.402975511199139	0.0817632589742181	0.0929281389648936	0.0122771732234332	0.0121777347573044	0.00790409245923841	0	0	0	0	0	0	0.0337051063468571	0.0120884621912772	0
TCGA-73-4666	0.466579346756125	0.0411265518811947	0.316996763931366	0.0032910037858282	0.00726319612267119	0.00334937225037554	0.0377543094405619	0	0.0207138508872501	0	0.0355561407212329	0	0	0.0316225610647599	0	0	0.035746903158635
TCGA-75-5147	0.296918190738223	0.0784598484760755	0.322575116841204	0.0505762150634127	0.119818727409765	0.0125343008720563	0.0292888983946737	0.0115928447918092	0.0261919704059518	0	0.0143338573672571	0.00626313802048946	0	0	0	0.0170689652569716	0.0143779263621107
TCGA-78-7535	0.0700449295087022	0.203297891172056	0.151688974079325	0.0203950363554558	0.155063658250384	0	0.0815551997346746	0	0.0157981694579509	0	0.229477738305446	0	0	0	0	0	0.0726784031360051
TCGA-85-8052	0.663499759071712	0.0512276918207442	0	0.00766631216193977	0.0426173246571296	0.0399543690733697	0.0385010980123262	0	0	0	0	0	0	0	0.156533445202779	0	0
TCGA-85-8277	0.277114024914368	0.111238229243444	0.267827515476317	0.0403781659809844	0.105847973481735	0	0.0118486276877402	0	0.0922271216870092	0	0.082967607074395	0.00125720783891354	0.00512788262249953	0.00416564399259389	0	0	0
TCGA-91-6840	0.228939104088655	0.0196414242826287	0.190362362659791	0.101634667401485	0.245179628903835	0.00616413695869124	0	0.0698612970146362	0.0483393604419091	0.0472791068186149	0	0.0083165372745356	0.000930073145394037	0.00480922930304726	0	0	0.0285430717067771
TCGA-91-6847	0.217237679244175	0.071146614657908	0.25071985387595	0.0580919247156996	0.25764722652231	0	0.0418406773567707	0.0216058630476376	0.0378740506844806	0	0	0.00356712280746121	0	0.0191889741089504	0.0210800129786574	0	0
TCGA-94-7943	0.419617838540262	0.0711397533418125	0.261811698741263	0.0373964974174578	0.076379454893718	0.013224600475522	0.0178542389223809	0	0.068558357227904	0	0.0287209192442175	0.00302725459371787	0.00226938660174512	0	0	0	0
TCGA-97-8171	0.427046355733587	0.0848360600232997	0.0343914489567158	0.244215852597074	0.00673654229960265	0	0.0115887872670648	0	0	0.0870334283147874	0.0972507477556365	0.00377092293817067	0	0	0.00312985411406145	0	0
TCGA-A1-A0SM	0.761960235411127	0.0528401388541347	0	0.0142905683737095	0.0947529189486537	0.00131649667159441	0	0.0173024351803545	0.0252557295668994	0.0113627371662332	0.00840364458498746	0	0.00646138751589456	0	0	0.00605370772641152	0
TCGA-A2-A04P	0.0349747072300636	0.114937684916788	0.245376603341654	0.0589536453728259	0.225017891430824	0	0.0359954974232594	0	0.0160608673499976	0	0.0773216062902468	0	0	0	0	0.0590229936316364	0.132338503012705
TCGA-A2-A04T	0.0616531415288782	0.0676386275505777	0.519889961091929	0.0656465198127559	0.153259106013753	0	0.00884557333592484	0	0	0	0.0012960655292592	0.00147879731973524	0	0	0	0.0717610562693156	0.0485311515478718
TCGA-A2-A04X	0.531661318677249	0.119227754077397	0	0.0528382162984782	0.146105116875471	0	0.0138384906006698	0.00248584144331903	0.0598953040657616	0.00743680955713586	0	0.0243835325686692	0.00870164872382037	0	0.0334259671120293	0	0
TCGA-A2-A0D0	0.0426631224325421	0.146010771342244	0.408925558615015	0.0491413386412289	0.194170277978914	0	0.00624431775357721	0.0214323794279838	0.00156236817243195	0.0877504805385419	0	0	0.00173415694317596	0	0	0.0151935971259741	0.0251716310283714
TCGA-A2-A0D1	0.38838568686061	0.0179196315887705	0.126383948242254	0.0970271334262582	0.149333499017227	0.0101283728883066	0	0.00448306616548781	0.0722825237335742	0.0886453181913671	0	0.0193523930100061	0.0168133186472622	0.00924510822887572	0	0	0
TCGA-A2-A0D4	0.390448118597032	0.0549541152363751	0.221002409584346	0.100869703240952	0.107314585650238	0.016268447389053	0.0180969395163106	0.0207282067434603	0	0.0408630579154985	0	0.00559557525591989	0	0	0	0.0128011998019097	0.0110576410689045
TCGA-A2-A0EY	0.26766333568158	0.104673103394699	0.188812905936236	0.0445174557336384	0.141888814698864	0.00463647533465033	0.0101536282015926	0.011798235035588	0.0726946282561665	0	0.0504073871933455	0	0.00691670975576904	0	0	0.00452222449383938	0.0913150962840318
TCGA-A2-A0YG	0.261683783215306	0.188938002272767	0.227172120006492	0.0490593217773757	0.152254406634859	0.011585225158062	0.00374944422908674	0.0147332423616084	0.0365875949478712	0	0.0186990975794504	0.00667456881152351	0.0165022191188681	0	0.0123609738867299	0	0
TCGA-A2-A259	0.927153500452592	0.020668529579067	0	0.0213042526314904	0	0	0	0.00242774737246149	0	0	0	0.00228308319610123	0	0	0	0	0.0261628867682882
TCGA-A2-A25B	0.0895785441904439	0.210258032949283	0.328619397451016	0.0371633388885226	0.214201543706896	0.000708558325541124	0.0211007205456307	0.0178304607034143	0.0262427730822789	0.0034156492620132	0.0186636654864849	0	0.0322173154084747	0	0	0	0
TCGA-A2-A3KC	0.823318699916431	0.0418532259364727	0	0.00559148752930091	0.0422363245357732	0	0	0	0.0747276145210234	0	0.00994081565436851	0	0.0023318319066305	0	0	0	0
TCGA-A2-A3XX	0.61616016862161	0.0890877685093379	0.0924475321779821	0.0261543480683046	0.048641710739916	0.0146223295796814	0.00146851727485885	0	0.0340284631687956	0	0.0220480906602615	0	0.0271709803363605	0	0.0281700908628914	0	0
TCGA-A2-A3Y0	0.22619457115617	0.104730172410446	0.440191570196894	0.027116532829076	0.0712851010456982	0.00953371480298126	0.0511088000446526	0	0.0382601434359952	0	0.031579394078087	0	0	0	0	0	0
TCGA-A3-3363	0.688779724924528	0.125165862496144	0	0.0449969349578729	0.0753143684246547	0	0	0	0.0197352284408833	0	0.0460078807559169	0	0	0	0	0	0
TCGA-A3-3387	0.92514954645295	0.0302111978329297	0	0	0	0.0229261471263806	0.0217081614031931	0	0	0	0	0	4.94718454644599e-06	0	0	0	0
TCGA-A5-A0GE	0.867042013025525	0	0	0.0735456672121725	0	0.054174363082096	0	0.00359855335702265	0	0	0	0.000260715029375469	0	0.00137868829380799	0	0	0
TCGA-A5-A0GJ	0.066642788169247	0.198697800545015	0.4529823394053	0	0.152129515002268	0	0.0450762652710222	0	0	0	0.0349589510685542	0.0314603540108479	0	0	0	0.0180519865277463	0
TCGA-A6-A567	0.730678502837199	0.0266386359269166	0	0.0734738864122823	0.0524909891073141	0.0283857036457788	0.00292258255122203	0	0	0	0.0198546326442369	0	0	0.00772745510261623	0	0	0.0578276117724337
TCGA-A6-A56B	0.26230071973783	0.142831112356058	0.391463325144006	0.0171993450592234	0.0765027150961589	0	0.00215526242780164	0.0175379738278716	0.00578144145303516	0.0296759492320951	0.0048980322889463	0	0	0.0107187616864951	0	0.010784044684533	0.0281513170059457
TCGA-A7-A13D	0.0817318964515629	0.119820294718346	0.330514195525134	0.0526399145860176	0.0822235850956248	0	0.00347209276102756	0.0278343223673971	0	0.169580921418951	0	0	0.00444130171459878	0	0	0	0.127741475361341
TCGA-A8-A075	0.297525793983254	0.105286329428338	0.448181463877588	0.0741561748632107	0.056151756341556	0.00765249934863188	0	0.009680630050631	0	0	0	0.000276373159676983	0	0	0	0.00108897894711375	0
TCGA-A8-A07B	0.332852191017702	0.113669818942777	0.0259010654504052	0.0854571881913383	0.224771600199331	0.015101329173482	0.00843551496724961	0.0245752385220022	0.0744197976938349	0.0294738362948709	0.0355759585665321	0	0.0297664609804751	0	0	0	0
TCGA-A8-A07I	0.294715701434249	0.146732815916722	0	0.0614789126988601	0.228384411315792	0	0.0233453915440216	0.00715390889180555	0.129935452722641	0	0.099689573179003	0	0	0	0	0.00856383229690529	0
TCGA-A8-A08B	0.159306746009638	0.111059940976304	0.211132406281247	0.0513731341034298	0.211503946843565	0	0.045596364485696	0	0.155561170655916	0	0.0463773284480127	0.00808896219619132	0	0	0	0	0
TCGA-A8-A08L	0.240194910310922	0	0.434705514103429	0.123369468761024	0.0534615806907136	0	0.003619383072225	0.00243272382418544	0	0.0203738015099378	0	0.000154852877950007	0	0.00133107968754998	0	0.0544991631437659	0.0658575220182971
TCGA-A8-A08S	0.705039816886495	0.0458334178274909	0	0.0266798405262057	0.0677644488999468	0.0305788978987893	0.0366563496848643	0	0.06215303075042	0	0.0252941975257879	0	0	0	0	0	0
TCGA-A8-A092	0.330119600609982	0.00836411998704705	0.311092600893225	0.0150264700311619	0.127160788134677	0.00896560547801119	0.0673257980222057	0.0135246400382388	0	0	0	0	0	0	0.0733644515855715	0.0450559252198788	0
TCGA-A8-A094	0.293461131022825	0.0462440246810466	0.270571538768097	0.111720535139013	0.092696687059122	0	0.00855457707365748	0	0	0.00088264619308923	0	0.00430360233569225	0.000144500195366507	0.00603700402881968	0	0	0.165383753503272
TCGA-A8-A09I	0.293472168042054	0.0657224585910296	0.175123243437814	0.06362860849551	0.156435554094676	0.00607782627737919	0.0174571724012037	0	0.133149722942559	0.00346420830673972	0.0598761924733426	0	0.0255928449376921	0	0	0	0
TCGA-AA-3666	0.413741571223533	0.161339070351801	0.277377330099306	0.00769194121078599	0.032240159936963	0.0145049407446771	0.0281323922387656	0.00481560448424585	0.00444491148076583	0.0166085338507748	0.020901189649272	0	0	0	0.01820235472911	0	0
TCGA-AA-3685	0.552242683066803	0.184917237129032	0	0.0429970622626232	0.126626517810843	0.0155383036149908	0.0214888413465885	0	0.0237012410962433	0	0.0264420097848762	0.00604610388799996	0	0	0	0	0
TCGA-AA-3956	0.838181423574569	0.0562644592518692	0	0.00226819443622034	0.00228829349410621	0.0068608309226988	0.00806070976736356	0	0.0081370703638751	0	0.027382887353605	0	0	0	0	0	0.0505561308356926
TCGA-AA-3994	0.863577209155473	0.0490440529793338	0	0.00750978234763034	0.032683264429998	0.00456243318827691	0.00600436671070153	0	0.0287865032491219	0	0.00783238793946511	0	0	0	0	0	0
TCGA-AA-A01S	0.55437493802761	0.00786767891114252	0.0580017319321681	0.0990375414746746	0.0392229325159794	0.025992235023327	0	0.00265544203076236	0	0.0503820840155395	0	0	0.00268348365218339	0.00666258213970583	0	0	0.153119350276907
TCGA-AA-A01T	0.511197622755317	0.0936637327702458	0.204229666405912	0.0765049174878891	0.0281324519000828	0.0261451795822908	0	0	0.0294123627728198	0	0.0221714751993587	0.00854259112608429	0	0	0	0	0
TCGA-AA-A02O	0.832140454624251	0.0660978415699894	0	0.0060169603715116	0.0354210622596092	0.00860289609374181	0.000556991391359089	0.0035363847716331	0.0184927570306323	0	0.0246092766340019	0	0	0	0	0.00452537525327095	0
TCGA-AA-A02Y	0.858867353015354	0.0395117222749302	0	0.0200400634068804	0.00068157144389282	0.00839321378075526	0.00461328882726489	0	0.0232560577866088	0	0.044636729464314	0	0	0	0	0	0
TCGA-AC-A2BK	0.252869134544756	0.0671527901811332	0.274454242096736	0.117779528192462	0.160022106119445	1.42157670183563e-05	0	0	0.0677905379423306	0	0.0431612229858276	0.00432492192925222	0.00435381690351297	0.00807748333752581	0	0	0
TCGA-AD-A5EK	0.376462793107207	0.102537322297657	0.245311334158567	0.0109532563465552	0.123901058764571	0.00382201258193927	0.0561453299613275	0	0.0204198974856533	0	0.0587284700518398	0	0	0.00171852524468305	0	0	0
TCGA-AG-3574	0.919119390606151	0.0448880173993833	0	0.0146975640706391	0.000546449584921445	0	0.0021494155156886	0.00115499298190111	0.00203423277529967	0	0	0	0	0.0154099370660159	0	0	0
TCGA-AG-3582	0.482818959894901	0.0903944995018686	0.205157107551646	0.0102518413252094	0.0556555520735789	0	0.00211444565118017	0	0.0204832356241003	0	0.0194583222973727	0.00288163529444992	0	0.0303348593486726	0	0.00517307631545135	0.0752764651215696
TCGA-AG-3593	0.435057450589192	0	0.267732616317096	0.0660665146463049	0.0645614681639544	0.0265136250978244	0.0394745088324671	0.0172684366376088	0.0166598718401403	0	0.0340823646322914	0	0	0	0	0.025937111090859	0.00664603215226142
TCGA-AG-3727	0.526489912629116	0.0225850229071018	0.257867947782969	0	0.0287980985311038	0	0.017268191597813	0	0	0	0.0109302630488101	0	1.01776361242911e-06	0	0.136059545739473	0	0
TCGA-AG-3885	0.582645744165112	0.0760166956509944	0.120945388308222	0.0146744861231783	0.0423987167826685	0.0342042367591211	0.0559685547143412	0	0.00841263226516289	0	0.0397121133840411	0.00196010873384824	0	0	0	0	0.0230613231133113
TCGA-AG-3890	0.453454231174844	0.0843573903540405	0.22617833521271	0.0476345855860659	0.0147383650660109	0.020926928596218	0.0177186402322838	0	0	0	0.0405718917730825	0.00291050461273758	0	0.00298838359242313	0	0	0.0885207437995837
TCGA-AG-3896	0.634831524065151	0.0857548242686982	0.103190348951031	0.0128844631737604	0.0588064221569026	0	0.00681870084162485	0	0.0175114895026332	0	0.0217235719376098	0	0	0.027405725345026	0	0	0.0310729297575622
TCGA-AG-3901	0.921818889668836	0.028323841966442	0	0.00344202758329363	0.00315957444380968	0.00773587856045317	0.00698845202647147	0	0.0144100715793417	0	0.00370454541065662	0	0	0.0104167187606953	0	0	0
TCGA-AG-4007	0.479646414808583	0.127072794122614	0.213594659713242	0.0238633797701356	0.0243361161791957	0.0268334010094882	0.00861217651563735	0.0231706317050828	0.0313148850570218	0	0.0362209800766587	0.00533456104234089	0	0	0	0	0
TCGA-AG-4008	0.341314287231122	0	0.407629935758924	0.056437455336134	0.0607999667004188	0.0189724625022492	0.0503790926630805	0.0142056964311545	0.00638454283881012	0	0.00484629578268009	0.00792328370643775	0	0	0	0	0.0311069810489887
TCGA-AG-4015	0.458976656564499	0.165354710077934	0.135897837969398	0.0229473477177012	0.00779065625407799	0.0128594375886955	0.00733473265182725	0.0187051226026186	0	0	0.04012207505506	0	0	0	0.110308856852983	0.0197025666652054	0
TCGA-AG-A032	0.603664602050447	0.133390545919898	0.163935512568687	0.0190548466483792	0.0119244685714418	0.0254239627066045	0	0	0.0278604887148201	0	0	0.0087073307194391	0	0.00603824210028377	0	0	0
TCGA-AJ-A23M	0.00543880694503215	0.207374216941619	0.162938391085617	0.080477080504583	0.248128255418376	0	0.0630737689962094	0	0.0437922351361698	0	0.188777244972394	0	0	0	0	0	0
TCGA-AK-3454	0.833917002488276	0.0145920571497766	0	0	0.0360625138643405	0.00460564358800325	0.0371205032068753	0	0	0	0	0.00759431127774493	0	0	0.0661079684249832	0	0
TCGA-AL-A5DJ	0.555925833075691	0.0777383483524532	0.215762498271431	0.0416676900539483	0.00090047562747654	0.0195443567399335	0.0112051942234095	0	0	0	0.00218605966167254	0.00796128599371624	0	0	0	0	0.0671082580002678
TCGA-AN-A04D	0.378765705683593	0.147449291053902	0.423723756899811	0	0.0204042215979833	0	0	0.00804227082451027	0	0	0.0216147539402004	0	0	0	0	0	0
TCGA-AN-A0AT	0.102881737858902	0	0.413587099078315	0.155387234589009	0.154625448411788	0	0.00383746399309526	0	0	0.0156264948513799	0	0	0	0	0	0.0294981900809599	0.124556331136551
TCGA-AN-A0G0	0.364141932810152	0.016000270377814	0.314175794821596	0.0402142495809296	0.128557010856009	0.0132289964971081	0.0503561999837057	0	0.0105466934346772	0	0	0.00524892369013159	0.0119384844899502	0	0	0.00359302094038299	0.0419984225175426
TCGA-AN-A0XR	0.766987726550842	0.0526908021006545	0	0.0486129194906239	0.0812817009086744	0	0	0	0.0297382156884675	0	0.00846468060485142	0.0122239546558863	0	0	0	0	0
TCGA-AO-A03L	0.281880168812219	0.0758218961782104	0.188578562546818	0.120625991625413	0.207233568894939	0.0111615020023959	0.0255526508302462	0.0322102424512703	0	0.0395811628618637	0	0.0069224002640631	0.00109793990770751	0	0.00933391362485492	0	0
TCGA-AO-A03N	0.507668538476574	0.0915709176010047	0.00424026242098416	0.138578952667604	0.0980213905180505	0.025825019214758	0.000889073227885264	0.0165854647653238	0	0.0489849137627652	0	0	0	0	0.0676354673450509	0	0
TCGA-AO-A0J2	0.0486337919465203	0.113971001583029	0.465165634521819	0.091968606030105	0.19206235862759	0	0	0.0179356740407934	0	0	0	0	0	0	0	0.0435185166512198	0.0267444165989232
TCGA-AO-A0J6	0.00342956702061401	0.216666101424476	0.133181665081087	0.0146795678905278	0.248301884874325	0	0.123941035322037	0	0.0244210672589329	0	0.215045808606503	0.020333302521497	0	0	0	0	0
TCGA-AO-A0JM	0.305748872086632	0.101754406713403	0.104005983242926	0.106216805229667	0.186462246960936	0.0094958367214322	0.00826675188601168	0	0.100268456535435	0.0716472260360609	0.00583871210691945	0	0.000294702480576058	0	0	0	0
TCGA-AO-A124	0.0096422160637073	0.145573272905413	0.280572634919296	0.0656012128590419	0.290631408750562	0	0.0286576634874495	0.011403693052919	0	0.0310427475113491	0.022472640760726	0	0	0	0	0.0414131347167667	0.0729893749727691
TCGA-AP-A052	0.159111214010353	0.372161499714661	0.252729175134232	0	0.0617123440918618	0.00037379153133883	0.0236513048100969	0	0.0161139061413377	0.056150798247477	0.0579959663186411	0	0	0	0	0	0
TCGA-AP-A053	0.143901500157866	0.247010809370827	0.222820101100979	0	0.135589596593446	0	0.0246730999554684	0	0.0549130634375587	0.0735285392394772	0.0975632901443774	0	0	0	0	0	0
TCGA-AP-A05A	0.22151339909628	0.278527948970721	0.141576347240984	0	0.114667915450802	0	0.0177698473616164	0	0.0252071360370796	0.130713644418923	0.0696677479986759	0	0.000356013424917622	0	0	0	0
TCGA-AP-A05D	0.217886258244579	0.0494586209518652	0.223363893080407	0.11784756179188	0.135039869259332	0.00501885852759834	0.0162421448890438	0.00138870166977621	0.0478609262620211	0.0826036890085957	0.0357429100322816	0.000529380058460307	0.00393943264874242	0	0	0	0.0630777535754173
TCGA-AP-A0L8	0.21650462209803	0	0.429139822536957	0.117212167923537	0.0823278018371117	0	0.0128027041309916	0	0.0200900028952178	0.110818851594924	0	0	0	0.0111040269832301	0	0	0
TCGA-AP-A0L9	0.0886305811473009	0.166251618815907	0.270623846249079	0.0955713600796303	0.188288053688862	0	0.0401974375507486	0.00671593309236929	0.0236388410779307	0	0.0567555955171341	0	0	0	0	0.00171115682917151	0.0616155759518678
TCGA-AP-A0LI	0.144909940153316	0.0790529516942804	0.358688675033243	0.137510668447698	0.144224882731488	0.000613722933502852	0	0.0234049811789907	0	0.00994198694946077	0	0	0.00552897446486562	0	0	0.00414874295474976	0.0919744734584051
TCGA-AQ-A04J	0.383768223306127	0.111772209643743	0.405486948807205	0	0	0.00424877626327926	0.000655911258821837	0.00177763991179574	0.0103464938250912	0	0	0.00246099297683881	0	0	0.0794828040070982	0	0
TCGA-AR-A0TX	0.526280957205827	0.101991448395354	0	0.0208562007352306	0.148225225805712	0	0	0	0.153106278520619	0.0345036306948237	0.013568000733377	0	0.00146825790905659	0	0	0	0
TCGA-AR-A1AY	0.456578115592106	0.123559071712028	0.256881427466023	0.02104102326196	0.0246401544348693	0.0120889617468311	0.0101558570319848	0	0.0184440776765682	0	0.0194016218460149	0.00247992179210834	0	0.00570086379056388	0.0490289036489426	0	0
TCGA-AR-A24Z	0.098669697258456	0.196175438368801	0.118505395208466	0.109382576813748	0.290680534978123	0.00053003867619748	0.0422760157141694	0.0197913744016705	0.0453904933527798	0	0.0696005037276482	0.00899793149994057	0	0	0	0	0
TCGA-AR-A256	0.00547128264265422	0.134209901903036	0	0.0261974019508807	0.276074986680043	0	0.149201519098713	0	0.09812978396414	0	0.310715123760533	0	0	0	0	0	0
TCGA-AR-A2LK	0.769774305874218	0.0325792807318338	0	0.0278913849375984	0.0357702030387851	0.00354330946029923	0	0.0060099863661941	0.0433286176688569	0	0.013149405361774	0	0	0.0644922589899169	0	0.00346124757052332	0
TCGA-AX-A1C8	0.121548878602033	0.138368348099919	0.29010359681336	0.0395573943252341	0.22055614811941	0	0.0793370567339638	0	0.0113462246605338	0	0.0991823526455459	0	0	0	0	0	0
TCGA-B0-5094	0.837545053174599	0	0.0151975626697291	0.0622547302230886	0	0.0427666489206167	0	0.00987088587554102	0	0	0	0.00599695029131374	0	0.00326735837780899	0	0	0.0231008104673032
TCGA-B5-A0JN	0.0157142391072389	0.0771746956850265	0.425395507277792	0.098296306056218	0.230195699209132	0	0.0545919751728809	0.0181834267881585	0	0	0.0621054386912565	0	0.00205885316506411	0	0	0	0.0162838588472328
TCGA-B5-A0K3	0.110009483235038	0.259344960935869	0.286504636520773	0	0.121727254260752	0	0.0306823882459703	0	0.0109747634985472	0.157901945266903	0.0228545680361486	0	0	0	0	0	0
TCGA-B5-A0K8	0.249951513828483	0.0998641375877458	0.28285901360999	0.117282975995587	0.105530271310778	0.00793550524485751	0.0281576503771708	0	0.0148232972308438	0	0.0719837456569165	0	0.00156513318913512	0	0	0	0.0200467559684929
TCGA-B5-A11G	0.693669497852986	0.026739036560275	0.134181625064763	0.0758200624326613	0.00935097223872038	0.0294227533444737	0	0	0	0	0.00163116430201227	0.00504686190198369	0	0.023379481384413	0	0	0.000758544917711609
TCGA-B5-A11I	0.00321660557124562	0.190061969912084	0	0.0263849134049572	0.265099884999516	0	0.143153265317918	0	0.0585722322473972	0	0.300877171937542	0.0126339566093391	0	0	0	0	0
TCGA-B5-A1MY	0.125085904942719	0.137593119867088	0.347116652376627	0.0641661996648039	0.170680300532623	0	0.0263976217304885	0	0.0465580237765182	0.0259241500162581	0.0297578534357426	0	0.000864402138660357	0.00244402509503042	0	0	0.023411746423441
TCGA-B6-A0I1	0.282246142329721	0	0.227906378069319	0.0394811241821143	0.0880429630492466	0.0052031591829686	0	0.0366431838372429	0.000692219047375909	0.121736685091372	0	0	0.0106612468473007	0	0	0	0.187386898363339
TCGA-B6-A0I6	0.0791444560111779	0.125783135479362	0.531134990269231	0	0.149270906788224	0	0.0493553006904808	0	0.0166557430621321	0	0.0470464725711098	0	0.00160899512828152	0	0	0	0
TCGA-B6-A0RE	0.325656093044777	0	0.469099783663767	0.0263640039787742	0.0418250870572538	0.00713836747781775	0.0404267961980866	0.0270087279303555	0	0.0620248697459764	0	0	0.000456270903191022	0	0	0	0
TCGA-B6-A0RU	0.491975739971519	0.0659856317069349	0.396162367335536	0	0	0.0172615952035823	0.0242767724118331	0	0	0	0	0.0015556346700063	3.78972260785924e-05	0.00274436147450914	0	0	0
TCGA-B9-4617	0.888903215823382	0.0519769358591115	0	0.00469400525865761	0	0.0100081077643365	0	0	0.0178692948791095	0	0.00579191411872869	0.0106954647813122	0	0.0100610615153617	0	0	0
TCGA-B9-A44B	0.652948044762009	0.0476701650063804	0.192530431937587	0.0482261113007933	0	0.0301928865851422	0	0	0.00162758445004437	0	0	0	0	0.0122708298741223	0.0145339460839214	0	0
TCGA-BA-4076	0.387101359187923	0	0.137176625627048	0.110278965494389	0.189530577310498	0	0	0.0223106319739844	0.0737794128005748	0	0.0470130924111996	0.00156139974197445	0.0051489204373751	0.026099015015034	0	0	0
TCGA-BA-5149	0.557418155903888	0.138285111089683	0.178449309845341	0.0242067241536265	0.0470088736250983	0.0273033162150018	0	0	0.016437062447331	0	0	0.00519327071599541	0.00569817600403523	0	0	0	0
TCGA-BA-6869	0.635762149694652	0.0583567961655198	0.198021754252804	0.0123838166390308	0.012100403397115	4.99040745592029e-05	0	0	0.0244400104075284	0	0.0310365429241044	0.00840622162751884	0	0	0.0194424008171676	0	0
TCGA-BA-6872	0.232071519543244	0.107814283304312	0.271237476668796	0.073536663378967	0.140373885458851	0.00886679744953766	0.0175016259271526	0.010441616312229	0.0663865816483312	0.0116738862831309	0.0515017112479051	0	0.0085939527775435	0	0	0	0
TCGA-BA-6873	0.482551162232314	0.0567625561061826	0.086189727275268	0.0842398963579279	0.143319199878897	0.0266135776004098	0.00141715236392745	0.021806346169571	0.0400995752547766	0	0	0.0121626101641109	0	0	0.0448381965966148	0	0
TCGA-BA-A4IH	0.748903623878516	0	0.0542801039798283	0.0804204991622926	0.0107238830972856	0.0414033274404756	0	0.00141343678739047	0.00532763393958361	0	0.0104663375717411	4.20912317841191e-05	0	0	0	0	0.0470190629111027
TCGA-BB-4225	0.531272843318904	0.0598719256824315	0.267171950085235	0.0591643243359973	0	0.0144003261095445	0	0.00302727835628115	0.0110609692996649	0	0.0301014120958322	0.00149212424558496	0	0.0224368464705244	0	0	0
TCGA-BC-A10Q	0.781496374201061	0.0383740011555925	0.00373050970528085	0.0259850623650105	0	0.0371833038974021	0	0.0125702890391296	0	0	0	0	0	0.00850135509266698	0	0.00603703862325271	0.0861220659206037
TCGA-BC-A216	0.194301739184947	0.272481357088631	0.268776654699743	0	0.0662472651744253	0	0.0157757216365435	0	0	0.0667461152550479	0.115671146960662	0	0	0	0	0	0
TCGA-BC-A217	0.189343087780272	0.0613067454855432	0.343083283641076	0.0522685849941045	0.0516603423998101	0.00176275097666814	0.0251542185580641	0	0	0	0.0338184327460943	0.0187427225806301	0.000544172625221059	0	0	0	0.222315658212517
TCGA-BG-A18C	0.580476292157033	0.0957849002501432	0.190362798680993	0	0.00893703870317582	0	0.00857756165773801	0	0.0274556027310255	0	0.0506659605950207	0.00431729934779548	0	0.0334225458770752	0	0	0
TCGA-BH-A0DG	0.441315214405044	0.142706983984985	0	0.0850516198330552	0.218286647114519	0	0	0	0.0981016104181058	0.0145379242442903	0	0	0	0	0	0	0
TCGA-BH-A0H0	0.752408267853002	0.0347712119110245	0.078044782498185	0.0566518466771114	0.0173748434181974	0.000331005963418123	0	0	0.00537203533948803	0	0.00795664939072307	0.00974395109043369	0	0	0.0266509452081864	0.0106944606502301	0
TCGA-BH-A0H6	0.592524103802359	0.0457742254834855	0.170245823516837	0	0.0598301963094971	0	0.0408043436870339	0.00278743060354951	0.0142460554868087	0	0.047913102762298	0.0258747183481318	0	0	0	0	0
TCGA-BH-A0WA	0.232569551728061	0.0517303935183242	0.535120174262038	0.0314799590175133	0.0692910927951182	0.000527795401480128	0	0.0201527708665572	0.0290300289986866	0	0	0.00120951241304938	0	0	0.0288887209991719	0	0
TCGA-BH-A18R	0.434264446054397	0.155441893194173	0.0168199979663573	0.00644264460079276	0.171655113508749	0	0	0.0117813541416007	0.0126970715660025	0.0450849779393108	0.00989256324850724	0	0.0231596692211392	0	0	0.0248136876710162	0.0879465808879533
TCGA-BH-A18U	0.0801228308762508	0.186832729469946	0.147896109552565	0.054625062066783	0.307180197971431	0.000693133357627616	0.0199479454714513	0.0647955897170297	0	0.010710542881554	0.0340406576780307	0	0.0218668456109607	0	0.00559528196611942	0.00586813834724035	0.0598249350330109
TCGA-BH-A1FC	0.321573965874777	0.101698233415446	0.236884481746755	0.039951155469413	0.16643338035141	0.0166895337502468	0	0.0722670142307284	0	0.0153017045172549	0	0	0.00264505096365679	0	0	0.0265554796803121	0
TCGA-BP-4781	0.81447024300971	0.0599984318947287	0	0.0390159817499296	0.00909958380416847	0.0521139132137933	0.0116553170193681	0	0.00195862353268684	0	0	0	0	0	0	0	0.0116879057756147
TCGA-BP-4977	0.875269573023189	0.0151323025914155	0	0.0407747647887318	0	0.0555928479206712	0.00503761956602004	0.00391109410769671	0	0	0	0	0	0.00428179800227551	0	0	0
TCGA-BR-8373	0.268821134796901	0.0954690129684106	0.316971971917185	0.0667845794270522	0.0254429714564566	0.00555424294117755	0.00313177462719289	0	0.046170579378884	0.138469182139505	0.0275417348316205	0	0	0	0	0	0.00564281551561459
TCGA-BR-8486	0.273674516101105	0.00391398913666747	0.29238898613608	0.0377558721586385	0.11536972262896	0.0124600215573808	0	0.0718517897490533	0.0334341061340717	0.105099489476491	0	0	0.00667990284714861	0	0	0.0136619987051257	0.0337096053692772
TCGA-BS-A0TC	0.858077368267045	0	0	0.0834712097815934	0	0.0497867690801447	0	0	0	0	0	0	0	0.00866465287121734	0	0	0
TCGA-BS-A0TE	0.696868921308802	0.0984906052091084	0.0748656213221578	0.02758379779665	0.0578253758810972	0.015275580195551	0.000813754347357676	0	0.00716918164246649	0	0.00771429244247779	0.00931837908858196	0	0.0040744907657494	0	0	0
TCGA-BS-A0TG	0.806826875117081	0.01958353295848	0.040705840887193	0.00243581155097404	0	0	0	2.79436992451099e-05	0	0.019303984116981	0.00778170424120247	0.00986809444050853	0	0	0	0.0934662129883348	0
TCGA-BS-A0V8	0.325056487970705	0.104165987837228	0.343990164504144	0.0945779951421849	0.0580161268144984	0.00840357159439843	0	0	0.0297058345840452	0.013146687762049	0.00873075138250999	0	0	0	0	0.00936271858668131	0.00484367382155537
TCGA-BT-A20P	0.586223636633222	0.147921776843823	0.210208731133305	0	0	0	0	0	0	0.0490814825911826	0	0	0.0065643727984664	0	0	0	0
TCGA-BT-A20Q	0.687575397503814	0.13506214866291	0.110976341544787	0	0.0273883567988862	0	0	0.00274529047565789	0	0	0	0.00423455823738279	0.00454887261520474	0	0.00137940921131091	0	0.0260896249500457
TCGA-BT-A20T	0.369905468357232	0.14908184552819	0.226980809373551	0	0.0700911495456087	0.0133472097895572	0.0583782238264315	0	0.000319513212510237	0	0.017572384249116	0	0	0	0.094323396117803	0	0
TCGA-BT-A20V	0.227649847979632	0.116806292839399	0.269080284772424	0.0512565123508385	0.198964752569725	0	0.00788106017083781	0	0.112215557948994	0	0	0.00657078296603561	0.00687336540221767	0.00270154299989614	0	0	0
TCGA-BT-A2LA	0.159653461944003	0.0856823925433958	0.00139627138264459	0.022761545356807	0.303423353520816	0	0.113917072294068	0	0.0839880670207273	0	0.135876938918489	0.0606432353975934	0	0.0326576616214568	0	0	0
TCGA-BT-A3PH	0.60918248659691	0.0336245818614688	0.157778941981117	0.0575168689265815	0.0130590637354378	0.0264145623499403	0	0	0.0561541621127165	0.0211925903400431	0.00752660853540961	0	1.03746110625727e-05	0.0175397589493131	0	0	0
TCGA-BT-A3PJ	0.352778049737102	0.0430760879047274	0.311464724495685	0.0868194655462848	0.0784272894653396	0.0187196400580927	0	0	0.0829268333598362	0	0.0120042550365187	0.00226532186871811	0.0115183325276952	0	0	0	0
TCGA-BW-A5NO	0.283257438740972	0	0.239717351870999	0	0.0551512835564288	0.0113998490357297	0	0.0913753440335435	0.0113730629015846	0.0781853325099472	0.0457714881575085	0	0.00112390261052523	0	0	0.0263548418809068	0.156290104701855
TCGA-BW-A5NP	0.482766762565067	0.0672855289342435	0.22948365529606	0.0509052752940992	0.0420501060200352	0.0280728829112683	0.0230149304140996	0	0.0589832295019853	0	0.0142583894930123	0.00317923957012959	0	0	0	0	0
TCGA-BW-A5NQ	0.88533452230744	0.0540498968906249	0	0.0169591833161818	0	0.0233343689206302	0	0	0.00205277123561564	0	0.000530853639803284	0	0	0.0177384036897039	0	0	0
TCGA-C5-A0TN	0.819441278412942	0.0543324418632284	0	0.0145947093779314	0.045530000509335	0.0118486996030126	0.00254624757344943	0	0.0434126243645433	0	0	0.00443048394788101	0.00386351434767707	0	0	0	0
TCGA-C5-A1BF	0.800257046671867	0.0612113951936373	0.0478794145260505	0.00103119791039934	0.0146096604033533	0.000346642451267172	0.00797001008661709	0	0.0168342272323712	0	0.015069483120623	0.00154772468183467	0	0	0.0153304197140865	0	0.0179127780078929
TCGA-C5-A1BJ	0.663407453367187	0.043047926987483	0.146755568977284	0	0.022819169642096	0.00785138289371547	0.0254007184263289	0	0.0663510846019304	0	0.0243666951039757	0	0	0	0	0	0
TCGA-C5-A1BN	0.495016200645079	0.0602244018777349	0.208774358289395	0.0219147023105745	0.109845873617888	0	0.00197703167511023	0.0222465670661785	0.0285937921393297	0	0.0413206192123917	0	0	0.0094980145538001	0	0.000588438612519106	0
TCGA-C5-A1M8	0.535510791363852	0.119529409250815	0.196810865676678	0.00999592758227015	0.061070987518134	0	0.0134215395463576	0	0.00745850599818333	0.0122973709622806	0.0272681886825004	0	0	0.0166364134189282	0	0	0
TCGA-C5-A1M9	0.705347079632732	0.0159976300767493	0.0718645720330312	0.0613823024843461	0	0.0354784132059125	0.00899921641736987	0	0	0	0.0144113460769804	0.00901298298046018	0.005881393503078	0.0137132838249153	0	0	0.0579117797644252
TCGA-C5-A1MI	0.0743406988134571	0.0924344208738469	0.430907421947075	0	0.277132548733341	0	0.118022143915674	0	0	0	0	0.00716276571660606	0	0	0	0	0
TCGA-C5-A1ML	0.841228170286863	0.0267670267619049	0	0.0481729928334441	0.000169624207788869	0.0339099696397636	0	0	0.0133919249632932	0	0	0	0.00250976700383462	0.019438495182983	0	0	0.0144120291201248
TCGA-C5-A2LT	0.717601784808436	0.06167034755617	0.112540873629644	0.0163959282364001	0	0.0459564725701326	0.0341341327152151	0.00348322388401006	0	0	0	0.0082172365999924	0	0	0	0	0
TCGA-C5-A2LV	0.504431665447711	0.065195204429683	0.294450084671711	0.0435887307035539	0.00483013705222026	0.0118269075524079	0	0	0.036333379929104	0	0.0347780221240801	0.00190242072834058	0.00266344736118814	0	0	0	0
TCGA-C5-A2LY	0.115680464457297	0.150938793673745	0.270610836992285	0.0177062735986716	0.147234407965876	0	0.0629343168894514	0	0.0473953310971624	0	0.146267070301341	0	0.00635132774268647	0	0	0.0348811772814849	0
TCGA-C8-A12L	0.110952560785019	0.0657562814195817	0.39263215085628	0.110111162300655	0.171728635295991	0	0.00384310823461022	0.012881019225644	0	0.0154533841746803	0	0	0.00444690555596683	0.00221934283008674	0	0.028961952114317	0.0810134972071679
TCGA-C8-A12Q	0.179918037220194	0.215531017019874	0.221728254625975	0.0416291942274473	0.220014766708801	0	0.00900954707846428	0.0272217244620372	0.0210492730169298	0.00289910752471102	0.048347035372937	0	0.0126520427426299	0	0	0	0
TCGA-C8-A130	0.10999304006043	0.190285803746243	0.143592572172296	0.100779673694879	0.323675674851427	0	0.00347623878609776	0.0135724581292823	0.073246277230352	0	0.00842779150388396	0.015714320482925	0.0170290529817027	0.000207096360480972	0	0	0
TCGA-CC-5260	0.580573521176183	0.124050031181346	0.177205412480233	0	0.0377086823116356	0.0112623456033753	0.0351535484390688	0	0	0.00577719523411643	0.0282692635740425	0	0	0	0	0	0
TCGA-CC-5261	0.68375985273084	0.0561200622255234	0.0932243042762358	0.0426774323443818	0	0.0342308789103213	0	0.0282516847657151	0	0	0	0	0	0	0.0391179208462651	0.0106223566459302	0.0119955072547876
TCGA-CD-5799	0.438985420162424	0.0545306055565693	0.113656521836541	0.0840748144790451	0.124761831925957	0.0206489341095506	0.0128258586777054	0	0.083841434535095	0	0.0539195528381694	0	0.0127550258789432	0	0	0	0
TCGA-CF-A27C	0.521803772585139	0.0535047031756948	0.0680217771401591	0	0.122847448427839	0	0.0588030395953291	0	0.0341561436219898	0	0.108470450080059	0.00570853145529819	0	0.0266459752457024	3.81586727897924e-05	0	0
TCGA-CF-A3MF	0.812768969591548	0.0419986942263539	0	0.0356045767282751	0.000898306107244628	0.0263624318309157	0	0	0.0286806231991403	0	0.0150808895587584	0.000766622482232867	0	0.0378388862755307	0	0	0
TCGA-CG-4443	0.18094657035441	0.25999386585205	0.333951030092483	0	0.0666704430336123	0	0.00880176031205125	0	0.00497060490590338	0.0646710733231894	0.0799946521263009	0	0	0	0	0	0
TCGA-CG-4474	0.757730248252543	0.0611219848352138	0.0484412506837338	0	0	0.00957619190659096	0.034293356655517	0	0.00223185639429242	0.018410070026782	0	0.00400209416411633	0	0.0462259894044184	0.0179669576767925	0	0
TCGA-CG-5724	0.360488202966382	0.105515932926711	0.194367883197601	0.0214213273957063	0.0751325193720749	0.01367994938962	0.0130578157565202	0	0.108770981562101	0.0205862528396858	0.027284314780686	0.00518380220232386	0.00621932377051708	0	0	0	0.0482916938400708
TCGA-CH-5788	0.382644085416105	0.202445505257794	0.17380361213335	0.0162625313853449	0.0861974460594232	0	0.019749006834182	0	0	0.0209705924137373	0.0526880450793505	0.00365541794454513	0.000436179202310444	0.00350148657308954	0	0.0376460917007678	0
TCGA-CJ-5681	0.701634625482499	0.150185823947672	0	0	0.0462045229524876	0	0.0423492970868887	0	0	0	0.0264747279822179	0.0262298403569848	0	0	0.0069211621912508	0	0
TCGA-CJ-5682	0.881989519678573	0	0	0.0327223539887088	0	0.0535092193587132	0	0.02693034946924	0	0	0	0	0	0.00484855750476467	0	0	0
TCGA-CN-4737	0.429607907415473	0.0484084992814742	0.36649106200903	0.034978478148138	0.0242057587331024	0.0168017683413931	0.01600280772743	0	0.0546193119347618	0.00578505262080684	0.00309935378839015	0	0	0	0	0	0
TCGA-CN-5365	0.539472736853889	0	0.176838584038794	0.0215786405295124	0.00549308994618903	0.0196249727686566	0.00386727463522389	0.00441633921961707	0.00979223826748441	0.0357482052307794	0	0.00508719121495049	0.0162524557371561	0.012964347543891	0	0	0.148863924013856
TCGA-CN-5374	0.747683915442598	0.0167476941080731	0.0961622298400106	0.0574300837572623	0	0.0459251247911707	0.000666171911090118	0.016099251132951	0	0	0	0.0069908038420661	0.00157258037034012	0	0.0107221448044378	0	0
TCGA-CN-6011	0.220610038656597	0.0723548346699577	0.344260773185513	0.0162624898816959	0.102493216546866	0.00747809509488283	0.0287607172355747	0	0.0655718295845037	0	0.0418939333935514	0	0.0021773170663837	0	0	0.0981367546844743	0
TCGA-CN-6994	0.456559042574352	0.0680475512052106	0.200369419501465	0.0449975569969993	0.0539442870785442	0.0189298921362837	0.00631541164949623	0	0.112623932909281	0	0.0302695878396938	0	0	0	0	0.00794331810867488	0
TCGA-CQ-6228	0.223691239740462	0.0920328879894478	0.329871572036759	0	0.227013202340765	0	0.058578881493625	0	0.0218728511592169	0	0.030264068050232	0	0.0106290765266008	0.00327947395057691	0.00276674671231475	0	0
TCGA-CR-5249	0.887331330834956	0.031735220902576	0	0.00510272299542344	0.0517588486460803	0	0.0215066548527373	0.00158463009286073	0	0	0	0	0	0	0	0.000980591675365934	0
TCGA-CR-6467	0.650858611081132	0.123171297126835	0.116570466289555	0.000797356099062859	0.0159859065455651	0.00863913459544258	0.00154053922610906	0	0.0132648420459187	0	0.0303471993901586	0.00627771155469596	0	0.0122560525824936	0	0.0202908834630311	0
TCGA-CR-6472	0.652919413576003	0.109756385216946	0.213712361258178	0	0	0.00661570361883827	0.0055592029320222	0	0	0	0	0.0114200716243403	1.6861773672393e-05	0	0	0	0
TCGA-CR-6480	0.765960288586603	0.0621707943809214	0.162831519000875	0	0	0	0	0	0	0	0	0.00902011265840037	1.72853731999474e-05	0	0	0	0
TCGA-CR-6491	0.480419386823563	0.0667845637727163	0.248902184170409	0	0.0333857591834537	0	0.026551106634818	0	0.0301771632229178	0.0113199337073561	0.019586110558893	0	0	0.0388056878184302	0.0440681041074425	0	0
TCGA-CR-7385	0.856063504216599	0.0242982686372154	0.0771571555179439	0	0	0.000851791829719665	0.00753802194655632	8.83769664669869e-05	0	0	0	0.000790795307469825	4.37550655249534e-06	0	0.0332077100714762	0	0
TCGA-CR-7404	0.529697923532352	0.0383956042904761	0.283144176580249	0.00488062625503785	0.0141248507649562	0.0244396523281399	0.0355652542147415	0	0.0243357856247751	0.00280442440916423	0	0	0	0	0.0426117020001086	0	0
TCGA-CS-5395	0.81921534987622	0.0614664229719021	0	0.00369186343068676	0.026810055223796	0.00723697611170433	0	0	0	0	0.0461100734591463	0	0.0247805332385961	0.00866921292240864	0	0	0.0020195127655399
TCGA-CV-5442	0.800401795812597	0.0774915291466173	0.0438366836764547	0	0.00111913553626444	0.0239877422693112	0	0.00834460692748538	0.00839972230732936	0	0.000526323768342135	0.00857265868413906	0	0	0.022450012896122	0.00486978897533773	0
TCGA-CV-5443	0.707046262664032	0	0.0329691709132662	0.0928329300914301	0.0277561315325481	0.0398838884066	0	0	0	0	0.0035464190442903	0.0075414330135307	0.00159522300334273	0	0	0.000513354038761114	0.0863151872921987
TCGA-CV-5973	0.323273994102952	0.0891900958716334	0.315488030161707	0.0485763117542557	0.0777381092603529	0	0	0	0.0642755022048806	0	0.0581961837662629	0.00145007279422678	0.0096827496607777	0.012128950422951	0	0	0
TCGA-CV-6433	0.837133026434877	0.0469922962633455	0	0.0176272627776791	0.0491920564422188	0.00553960481125121	0.00349818932436576	0	0.00760509361354603	0	0	0.00536086179696326	0	0	0	0	0.0270516085357529
TCGA-CV-7100	0.748461126754969	0.0924764062674682	0	0.0203537396248241	0.0510964799086829	0	0.00024427824752679	0	0.0271512790109079	0	0.0214144622297964	0	0	0	0	0.0109110577058759	0.0278911702499492
TCGA-CV-7180	0.725477444901383	0	0.0440173421457761	0.0852263558957949	0.0218807113954374	0.044484301482451	0.00757392154872574	0.0162506599997206	0	0	0	0	0.00209362002629589	0	0.0517721783905703	0.00122346421384465	0
TCGA-CW-5585	0.882680530725009	0.064261018665773	0	0	0	0.00156499628142487	0	0	0.0195680853621027	0.01840238051571	0.0135229884499803	0	0	0	0	0	0
TCGA-CX-7086	0.329110557837772	0.117907592369595	0.272927208708187	0.0716908277547165	0.100972892744124	0.011312044870385	0.00194664676121064	0	0.0571645013629627	0	0.0369677275910467	0	0	0	0	0	0
TCGA-CZ-5987	0.89371619458319	0	0	0.0570650722241392	0	0.0470745358438463	0	0	0	0	0	0	1.7087931704988e-05	0.00212710941711976	0	0	0
TCGA-D1-A16G	0.735083571421112	0.0317046895678276	0.0889714329074708	0.016500318796308	0.0161993780219861	0	0.00107687286870607	0	0.0296369116773188	0.0406182510102777	0.0402085737289933	0	0	0	0	0	0
TCGA-D1-A17K	0.287041932119527	0.225599523380549	0.290437393672453	0	0.0846546747249049	0	0.015945712243789	0	0.0109919893383092	0.0382876305207703	0.0391427276079747	0	0.00340107900432656	0.00449733738739624	0	0	0
TCGA-D1-A1NU	0.0364082741633455	0.117106021381975	0.0685547731995973	0.000924091040197333	0.254526244293263	0	0.184997958901042	0	0.034762484710239	0	0.302720152310341	0	0	0	0	0	0
TCGA-D3-A1Q1	0.11707659412342	0.203645169188298	0.174601906462309	0.0538641194140128	0.222375452630492	0	0.0377874342019346	0.0303353847265599	0	0	0	0.0170692362693062	0.0004023926618086	0	0.142842310321859	0	0
TCGA-D3-A1Q5	0.652716828225749	0.191341486654376	0.00195403738291347	0.0218611373296217	0.0563017915541479	0.0253509359001203	0.00804757107185681	0	0.0268005961941779	0	0	0.0136889174108853	0.00193669827615194	0	0	0	0
TCGA-D3-A3MO	0.562557050863848	0	0.00594487584855501	0.0840509420306109	0.0718878004872389	0.00373855251115683	0	0	0	0.0665441918061561	0	0.0105297351487994	0	0.0351688326848809	0	0.00713390987814804	0.152444108740606
TCGA-D7-6519	0.280426273075684	0.0206403699342342	0.323337316008835	0.143487393690669	0.0595970937750969	0.00523228301999746	0.0015486454707372	0	0	0.0544082770882053	0.0678594567219231	0	0.0105762618822505	0	0	0	0.0328866293323674
TCGA-D7-6527	0.0982328119329443	0.0357080692069123	0.158278139932442	0.0432544992904286	0.163777069588955	0	0	0.0242087160069823	0.064160990317591	0.211641645106678	0	0	0.0170301192471435	0	0	0	0.183707939369922
TCGA-D7-6528	0.373845557870922	0.032105042488109	0.309886538703323	0.0712910637633618	0.0632337006072878	0.0127070901793962	0.0095212689449173	0	0.0722555049593465	0	0.0278576928724154	0	0.0114408252871978	0	0	0.0158557143237227	0
TCGA-D7-6815	0.429550264138092	0.0488097698025311	0.267664706684725	0.00933187053770429	0.0836695131999723	0.0124392608806745	0.0706825107472534	0	0.0298766292915789	0.0118629400987677	0.0361125346187009	0	0	0	0	0	0
TCGA-D7-6822	0.104721128987522	0.270052301881822	0.333559505127503	0.0312242931958742	0.102145331422633	0	0.0115534052602453	0	0	0.0132242448300195	0.111008990647562	0	0	0	0	0.0225107986468193	0
TCGA-D7-A4YX	0.733396069175481	0.0913921076333111	0.0349706535129452	0.016600551621425	0.0134320837288193	0	0	0	0.0256213034998318	0	0.0766584014783716	0	0.00792882934981532	0	0	0	0
TCGA-D8-A27F	0.236098029709907	0	0.49424890173365	0.13524313376652	0.0595119985530617	0	0	0	0	0.0234395520308678	0	0.000948878066279234	0	0.000640219893068656	0	0.0498692862466457	0
TCGA-D8-A27H	0.0940877685135588	0	0.386186134325531	0.137701171049023	0.13538076393191	0	0	0.0135229765536076	0	0.0880865898054548	0	0.0068946803429914	0.00490257076256442	0	0	0	0.133237344715359
TCGA-DA-A1HV	0.488322423315342	0.0691480248785549	0.251013937598595	0.0695136396787107	0.0248075904406085	0.00491811178217722	0	0.0123107022062854	0	0.00285268333371683	0.0238445549243032	0.00636214033660059	0	0.00639189179530713	0.0400600770105527	0.000454222699246243	0
TCGA-DA-A1HW	0.420137604142241	0.0776348756250241	0	0.153747425810522	0.239066318249749	0.0057722363713435	0	0.0259395051362339	0	0.0505626641825405	0	0.00910472204286116	0.000903410722522267	0.0171312377169633	0	0	0
TCGA-DA-A1HY	0.661802718063951	0.115184830963535	0.154170219434408	0	0	0.0117191649695426	0.00734344293696089	0	0	0.0197856125338352	0.0299805787668843	0	1.3432330882977e-05	0	0	0	0
TCGA-DA-A1I2	0.422315155164617	0.0213458523016142	0.193044521450922	0.04968192281521	0.0708640970134433	0.00943439295085995	0.0503680639778058	0	0	0.0136671490932707	0.0226023706613022	0	0	0	0.146676474570955	0	0
TCGA-DA-A1I8	0.5745403354278	0.145339338301117	0	0.0596422404768101	0.107473599256708	0.0229177295129208	0	0.0236626968843458	0.0049015530392765	0.0308135638550459	0	0	0.00184157886457213	0.0139648440229348	0	0.0149025203584693	0
TCGA-DA-A3F3	0.245555854611092	0.0785510533550976	0.253444005108724	0.0070963495234302	0.269706611122648	0	0.0529977002604619	0.00608611229119231	0.0238660372886328	0	0	0	0	0	0.0374940723794496	0.0252022040592718	0
TCGA-DA-A3F5	0.465782493034379	0.074483034754678	0.1881476532037	0.0566841001598674	0.0432467928766387	0.027406379475771	0	0.0125656346277482	0.0498127246414375	0	0.0194269069742942	0	0.0124418917645664	0	0.0263063460191378	0.0236960424677817	0
TCGA-DD-A1EJ	0.309839702802561	0.0446320030038397	0.347321447511547	0.0168882102598065	0.0842907775655322	0	0.0355883446196415	0	0.0317596313831754	0.101349394581944	0	0	0	0.0283304882719521	0	0	0
TCGA-DD-A1EL	0.613773576694863	0	0.144413728150606	0.0347369876920136	0.0188178252121726	0.0197235192385292	0	0.0167106574972978	0	0.0350895643340231	0	0.00350072898153769	0	0.0101502391292167	0	0	0.103083173069741
TCGA-DD-A3A7	0.334928134263068	0.168272426268783	0.280001800695132	0	0.0936779604757632	0	0.0291425482232651	0.0113794923101842	0	0.0627923578908479	0.00439917105501618	0	0	0.00132148297391874	0	0.0140846258440214	0
TCGA-DD-A3A8	0.742506257470033	0.0242971146876934	0	0.0630317738312369	0.050681677650371	0	0.0216510520675045	0	0	0	0	0.00345541762300859	0	0.0762615561475239	0	0	0.0181151505226288
TCGA-DD-A3A9	0.504499610500338	0.0373932307079113	0.300925413989098	0.0359453519082875	0.00146972473941737	0.0142359475468816	0.0120040828072846	0.0173490215459738	0	0.000214836613572461	0	0	0	0.0206883925717797	0.0454220435893719	0.00985234348008381	0
TCGA-DD-A4NA	0.508263673276408	0	0.205359790162823	0.121963825474982	0.0342065871103121	0.0253589724765475	0	0	0	0.0395814350220784	0.00486078764251609	0	0	0.000310035748696059	0	0.0274613060750111	0.0326335870106259
TCGA-DD-A4NE	0.417613040132996	0	0.240076946009197	0.0752730743936006	0.0210002574147428	0.00683598389589249	0	0.0268303752389044	0	0.0577179167186103	0	0.0102779045509053	0	0.0151534457228848	0	0.0139501719830266	0.11527088393924
TCGA-DE-A3KN	0.795474826397556	0	0	0.0898610513536715	0.0248999042725704	0.0311694526739068	0	0	0.00712578197342148	0	0.0217033362000624	0	0	0.0297656471288112	0	0	0
TCGA-DG-A2KJ	0.307717569911157	0.0219771198448268	0.260650158463156	0.038651120133334	0.15463974008956	0.0146324746822505	0.00344212405449465	0.0838944428764974	0	0.0104495962649595	0	0	0.00213317257145872	0	0.0716158605103747	0.0301966205979311	0
TCGA-DI-A1NN	0.273094347354681	0.0431994785269075	0.355123431383593	0.101390003826841	0.0743787163008539	0.0104846374728904	0.00905487368297206	0	0.0345869373173672	0.0986875741338931	0	0	0	0	0	0	0
TCGA-DK-A1A5	0.342076208112446	0.0873728660077	0.29769902480801	0.0665365850335238	0.0955714680908831	0.0145208048936318	0.00599671543062331	0	0.0302201674434987	0	0.0383005207001666	0	0.0217056394795174	0	0	0	0
TCGA-DK-A1A7	0.0101586173342975	0.145035383678189	0.215658698014428	0.0631400692340515	0.407984331801819	0	0.0527885612907853	0.0188908086169671	0.0729680441286642	0	0.00340155436235712	0.00997393153844025	0	0	0	0	0
TCGA-DK-A1AG	0.0287932325580987	0.182502643358944	0.0485038459740491	0.0722713960829857	0.243463430103192	0	0.0727125257248121	0	0.0361512933304321	0	0.162856552365041	0.0482896309581458	0	0	0	0	0.1044554495443
TCGA-DK-A3IL	0.53644978565129	0.0674535166242001	0.171364512242395	0.0667087488305011	0.0618085865026608	0.0117430988816512	0.000997662014375631	0.0111796802788707	0	0	0	0.00501082993819621	0	0.0349493726719498	0.0108456723871352	0.0214885339767746	0
TCGA-DS-A0VL	0.586876818867713	0.0147203522175494	0.187543529870462	0.0906707056919806	0.0198159943694579	0.0362930144152521	0.00625591805222293	0	0.0335921865458795	0	0.0211312182091475	0	0.00310026176033529	0	0	0	0
TCGA-DU-6401	0.748770861120534	0.0356320630976199	0.0649692932743987	0.00284431379702093	0	0.0154023280553531	0.0220417940344607	0	0	0	0	0	5.60259124199273e-06	0.051757460308554	0.057965568439283	0	0.000610715281533519
TCGA-DX-A1KW	0.284007031352065	0.099287983344478	0.0573563559797228	0.0894781738192714	0.208626312423867	0	0.00277176928841935	0	0.0661491907907172	0.0150581603945858	0.108225125143532	0	0.0504939382373892	0.0185459592259524	0	0	0
TCGA-DX-A1L0	0.0888496108459575	0.255445169799676	0	0.0932573468720862	0.247137443618968	0	0.0232172830230048	0	0.117937989333243	0.0705176831146784	0.0964979665765446	0	0.00713950681584122	0	0	0	0
TCGA-DX-A1L2	0.186692912605595	0.237368119602391	0.125660902868331	0.0600002941126038	0.210257431653377	0.000375465880322051	0	0	0.0922505925252633	0.0484819378715122	0	0.00882276676260056	0.030089576118005	0	0	0	0
TCGA-DX-A2IZ	0.274355255998832	0.0292542895482658	0	0.024140891901094	0.114773608301387	0	0.0217989819265845	0	0.19098375696214	0.00518695750546311	0.268352367798498	0	0.0711538900577352	0	0	0	0
TCGA-DX-A2J0	0.327194774459056	0.102794253758569	0	0.0231310149333483	0.110213247219122	0	0.016225708888604	0	0.139217070947821	0.0051171316444262	0.207511650663862	0	0.0685951474851922	0	0	0	0
TCGA-DX-A3LS	0.281605641358186	0.0865307932753286	0	0.0188048657705559	0.205468274612781	0	0	0.00757130509289809	0.175398083712325	0.0981925927655294	0.0729219690646933	0	0.0535064743477031	0	0	0	0
TCGA-DX-A3LT	0.290613335801908	0.0593856953823454	0	0.0981805164701526	0.197779003266504	0.013092030791382	0.0140153478109752	0	0.0628251207570968	0.00898892242900954	0.165380860599915	0	0.0897391666907123	0	0	0	0
TCGA-DX-A3LW	0.316711683085017	0.042670624498513	0.0420549100580633	0.0418105488690607	0.148693465826971	0.00980584037707905	0	0	0.122845366751612	0.12331409437265	0.0732315653142749	0	0.0703970198039953	0.00846488104276297	0	0	0
TCGA-DX-A3LY	0.150867064999766	0.181289297312423	0	0.0923685336339759	0.258137126381749	0.00442130447892825	0.00882518972258022	0.00556622065484974	0.086267864955924	0.0651591099317435	0.092598222612454	0	0.0545000653156067	0	0	0	0
TCGA-DX-A3M1	0.0735948622224787	0.202136203563973	0	0.113540077949671	0.269795596371285	0	0.0177497880895841	0	0.139379027808597	0.0372646120909286	0.117482200656429	0	0.0290576312470543	0	0	0	0
TCGA-DX-A3U5	0.183534578668199	0.167634891450434	0.0427224290114081	0.0401168701721726	0.238339474212516	0	0.00527868633324952	0	0.0925790814432634	0.0361083451469422	0.134743112286484	0	0.0589425312753316	0	0	0	0
TCGA-DX-A3U7	0.19577830696225	0.289465614935965	0.0739968882568208	0.114428151907111	0.235637508683906	0.00660832353019012	0.00758998572178601	0.0066947513349197	0.0200024134823661	0	0.0497980551846845	0	0	0	0	0	0
TCGA-E2-A109	0.262136230043121	0.143679791395982	0	0.0614815487561893	0.281387620979017	0.010679928709063	0.0189067622344743	0.0520640050420634	0.084916771901215	0.0778126707660375	0	0.00513745809765098	0.00179721207518583	0	0	0	0
TCGA-E2-A14P	0.066076707722057	0.237643385262088	0.196186118685842	0.0691625911378399	0.294576128655774	0	0	0.0257646968607253	0.0296082565194931	0.0532277767208308	0	0	0.000976638577538395	0	0	0.0267776998578116	0
TCGA-E2-A14X	0.593544220383484	0.0747924570217682	0	0.0340032799379993	0.141074769366555	0.0313097752401084	0	0.0298179829886734	0.026545852294473	0	0	0.00165897113146504	0.0283984821545972	0.00275353298691014	0	0	0.0361006764939663
TCGA-E2-A152	0.576116709585669	0.0707359878978498	0.115483042615526	0.0516685645040363	0.0446424669454075	0.0152286521372228	0	0.0168757206407314	0	0.0156772779845841	0	0.00441488883133187	0.00965834651739269	0.0214310821195778	0	0	0.0580672602206712
TCGA-E2-A156	0.781279726743551	0	0.0279824821981272	0.116300173777058	0.000248567335410154	0.0377138784872559	0	0	0	0	0	0.00167571159073743	0	0.0186614579107901	0	0	0.0161380019570709
TCGA-E2-A15H	0.462938090614265	0.178309584562784	0	0.0268338480112736	0.124785575243242	0.0137687542784851	0.0332530042212234	0.00298290483298451	0.0578124778430744	0.0312166671737316	0.049697149892527	0	0	0.0184019433264096	0	0	0
TCGA-E2-A1LG	0.535373859634581	0.122030654820828	0.0215412638269801	0	0.113333639984031	0.0182439688319826	0	0.0336578151164152	0.0808074453399806	0.054379156279625	0	0	0.00323168302677303	0	0.0174005131388041	0	0
TCGA-E2-A1LK	0.268751281627757	0.0659079121596516	0.227259517723213	0.0882882980647208	0.137002222622437	0.0120796813718586	0.00607129282210387	0.043885497226607	0.0037425155705974	0.068606120360904	0.0141069841234293	0.00132905235814698	0.00704015251784867	0	0	0	0.0559294714507247
TCGA-E2-A1LL	0.104591863823723	0.254433809260387	0.234289090018004	0.0598819625235863	0.133205027585487	0.00162837945421306	0.00556761581873747	0.0260663131935593	0.0238109930540223	0.156524945268281	0	0	0	0	0	0	0
TCGA-E6-A1LZ	0.408864036433122	0.049987925926912	0.309117559983775	0.0498315990900509	0.0403011291124249	0.0179153994239282	0	0.00537395329221141	0.0715486025070415	0.0110479730620163	0	0	0	0	0	0.00573953232643011	0.0302722888420881
TCGA-EB-A24D	0.722551754833413	0.0390838403065068	0.133903301713051	0.0238383332010667	0	0.0143796661548106	0	0.0240107864641926	0	0.00995996689355929	0	0	0	0.0322723504333992	0	0	0
TCGA-ED-A459	0.402060882722705	0.208542125609289	0.0585352164654828	0.0491878616091238	0.0789364777285745	0.0210895672431778	0.0443751405621116	0	0.0157909377920781	0.0490740952420778	0.0724076950253798	0	0	0	0	0	0
TCGA-EE-A185	0.701651257988758	0.167759743670878	0	0	0.0525636180104002	0	0	0	0	0	0	0	0	0.0153790670101149	0.056145058958673	0.00650125436117546	0
TCGA-EE-A29B	0.886281056714422	0.0250362427078734	0	0.00617289733465396	0.0266888377755898	0	0.0110633961522715	0.000115075156694355	0.0120233489719943	0.0139008095759611	0.014490025558329	0	0	0	0	0	0.0042283100522107
TCGA-EE-A2GT	0.883109684680078	0.0537520174255006	0	0.00318797317317039	0	0.00760395365086999	0.0046886152452319	0	0	0	0	0.00306096350209808	0	0.00267981668261182	0.00908957113109244	0	0.0328274045093467
TCGA-EE-A2M5	0.830330940961237	0.0393868293724307	0.0135493212551071	0	0	0.0333935076136253	0.0389119848511329	0	0	0	0	0.00215189011895902	0	0.014077632140926	0.0230640574277325	0	0.00513383625884946
TCGA-EE-A2MI	0.799734073731981	0	0	0.0775672171294656	0.0270631904557524	0.0451623235473374	0	0	0.00396890030621422	0	0	0.00464453125134934	0.00893817037077128	0	0	0	0.032921593207129
TCGA-EE-A3J5	0.809672155280952	0.0732255006842304	0.0339527179529196	0	0	0.0351967789196996	0.0311437933667182	0	0.00893851411404518	0	0.00787053968143467	0	0	0	0	0	0
TCGA-EE-A3JI	0.682497760139618	0.0599838234479021	0.129858699500344	0.0509210850700042	0.0146489370227594	0.0380972302039594	0	0.00455489701798793	0.0147493395925086	0	0	0	0.00468822800491557	0	0	0	0
TCGA-EK-A2PK	0.734352033230153	0.0387041804466568	0.118212233517332	0	0	0	0	0.013466911888894	0.00151241679620592	0	0.0028903122296558	0.00298469361805811	0	0.0476272650701622	0.0402499532028816	0	0
TCGA-EK-A2R9	0	0.185925690755556	0	0.0167420800522192	0.227647316341769	0	0.155243661808135	0	0.0673680392096971	0	0.347073211832624	0	0	0	0	0	0
TCGA-EK-A2RE	0.640587776689662	0.00721820555886333	0.196469738197695	0	0.0274895308081949	0	0.0419913115827114	0	0.00997536661438334	0.00227437908709299	0.0419572717613665	0	0	0	0.00455114127801138	0.0274852784220189	0
TCGA-EK-A2RL	0.667460324985968	0.0709341187502172	0.194148612065531	0	0	0	0.00957956824626331	0	0	0	0.0280518198302775	0.00039285234122767	1.10742542171133e-05	0	0.0294216295262985	0	0
TCGA-EL-A3CX	0.86143450418756	0	0	0.0805876476853444	0	0.0509122591839615	0	0	0	0	0	0	0	0.00706558894313453	0	0	0
TCGA-EO-A1Y8	0.116837611152243	0.134997751033296	0.255197852709656	0.106424750988575	0.214509221894922	0.000368636240553396	0.034342317063897	0	0.0536863990282363	0.00419097153805538	0.0295804197563977	0	5.013800811403e-05	0	0	0	0.0498139305860546
TCGA-EP-A2KA	0.0372083498654695	0.526456235485787	0	0.07717182842461	0.32335838390138	0	0.0212804092547966	0.00467806775324945	0	0	0	0.00600705711857983	0	0.000250278804494845	0	0.00358938939163302	0
TCGA-EP-A2KB	0.835754766503867	0.0317116374952986	0	0.0123264080772665	0.0146657418667162	0.0404185867782054	0.0296108241564681	0	0.00911157591339317	0	0	0.0121073045679088	0	0.0142931546408764	0	0	0
TCGA-ER-A19D	0.841071001248051	0.0555272173898226	0	0.0371783273804445	0.00437576214630642	0.0396836339961951	0	0	0.013508538464231	0	0.00383404899514148	0	0	0.00482147037980758	0	0	0
TCGA-ER-A19E	0.182725867479703	0.086248560810537	0.236252143167501	0.0360721771252099	0.167698871505058	0	0.0337328342560067	0.0309347707283499	0	0	0	0	0	0	0.175878682825555	0.050456092102079	0
TCGA-ER-A19J	0.759749401237045	0.0535745753160096	0.107233874035671	0.0118035043400788	0.000235367876925235	0	0	0	0.010248439383676	0	0.0298963878683307	0.00412303965354681	0	0.00347906687107263	0.00924204423059539	0	0.010414299187049
TCGA-ER-A19L	0.369469625877305	0.148836834491494	0.204821931469862	0.03591073427379	0.113625661771459	0	0.0137995953735224	0	0.0447697717186091	0.0133009458506796	0.0465021447371199	0	0.00447441600040977	0.00448833843574888	0	0	0
TCGA-ES-A2HS	0.747355088915792	0.00802121907302797	0.064494047749813	0.0323388104607596	0	0.0477876739382339	0	0.0440213479768721	0	0.0379704752146112	0	0	0	0	0.0180113366708905	0	0
TCGA-EW-A1P8	0.482059669525723	0.113625653984801	0.1708800330588	0.0260941756280799	0.0840506640185625	0.0139482773726673	0.00490100114918609	0.00563055214478983	0.0200493359807309	0	0.0252249297024134	0	0.00249401485991772	0	0	0.0510416925743279	0
TCGA-EW-A1PC	0.238146297875226	0.147792393776119	0.354004254558924	0.0541587434414098	0.117570650491818	0.0106071301661971	0	0.025496507038519	0	0.00280495221875884	0.00159611952278902	0.0021592555068873	0.014256782899253	0	0.0314069125040997	0	0
TCGA-EW-A1PH	0.227491452794106	0.183372860225085	0.106707048412615	0.0372107978566929	0.192482151563163	0.00643909130442293	0.018457051811439	0.019183303154969	0.0382101241573588	0	0.0455533130357919	0	0.00598239013918627	0	0	0	0.11891041554517
TCGA-EX-A1H5	0.0022845665644484	0.1707889333054	0	0.0143347638561143	0.282545705767191	0	0.174447686381526	0	0.0464559571679505	0	0.292615270765044	0.0165271161923254	0	0	0	0	0
TCGA-EY-A1GS	0.134011876109843	0.0190345660925139	0.372020149229936	0.033908195503226	0.0833799177247496	0	0.000267071352809857	0.0394513834123878	0	0.178301777922719	0	0	0.00641454464897341	0	0	0.00773352942896471	0.125476988573876
TCGA-EY-A1GW	0.555651505375148	0.0657522757822198	0.214293076919137	0	0	0.0127239762796612	0.0361443380199949	0	0.00315318858499874	0	0.0322854585024854	0	0	0.0211120198547286	0.0588841606816266	0	0
TCGA-F1-6875	0.342077397271749	0.0879644559353047	0.209153032115862	0	0.0401634201213218	0	0.0159866948344138	0	0.137117440298193	0.0748990202305304	0.0339507434641931	0.0340228553543706	0	0.0246649403740617	0	0	0
TCGA-F5-6814	0.745914538416888	0.0275539485809841	0.085526270945051	0	0.0135059197530262	0.0138589214900235	0.0399617388780583	0	0.00584459837416886	0	0.0295107552943507	0	0	0	0.038323308267449	0	0
TCGA-FD-A3N5	0.407672509147209	0.0498413655968237	0.319743551868131	0	0.0320583895307874	0	0.00212729308870369	0	0.0573340644104465	0.033006162389805	0	0	0.0102611910559126	0.0322237679930822	0.0337849162463469	0	0.0219467886727517
TCGA-FD-A3N6	0.79063277729991	0.0771617003354538	0	0.0113460965117364	0.0474479279867074	0	0	0.0113051994775029	0.0100755559136103	0	0.0520307424750796	0	0	0	0	0	0
TCGA-FF-8041	0.686084869521176	0.0595822160358133	0.150482093004744	0.0291188289401109	0	0.0264529635347879	0	0.00201321500773833	0	0	0	0.00833516167416048	0	0.0208396337096728	0	0	0.0170910185717958
TCGA-FF-8042	0.360476045386319	0.172120876242059	0.174300738489538	0.0348392518569076	0.142053515679198	0	0.0279930187351541	0	0.020873812196775	0	0.0673427414140486	0	0	0	0	0	0
TCGA-FF-8043	0.562002269294543	0.122764685632869	0.0637841433217366	0.0580698717693096	0.120885616754635	0	0.0073682979900849	0	0.0291208060354003	0	0.0211235747951569	0.00810705575180258	0.00350049941669902	0.00327317923776282	0	0	0
TCGA-FF-8047	0.412044281087866	0.00306765189846184	0.271796076300814	0	0.0791396861652613	0	0.0105011752673822	0	0	0	0.0334175154332819	0	0	0.0109519966919905	0.179081617154943	0	0
TCGA-FS-A1ZD	0.437321760569523	0.0698292162593505	0.0781570557156567	0.194462555518614	0.102294306782048	0.0196575572150075	0	0	0.00890763951308048	0.0750612444366974	0	0.00676239437523597	0	0.00529983916077689	0.00224643045401023	0	0
TCGA-FS-A1ZK	0.234740607639909	0.245668980387616	0.00762037194021059	0.0844655821691113	0.243662972424913	0.0021521843769191	0.0194677337761092	0.00982244187141377	0.0596894126881963	0	0.0927097127256021	0	0	0	0	0	0
TCGA-FS-A1ZP	0.772866511473129	0.056976781881704	0.0450367470268683	0.0257462810479246	0.0291920962525032	0.0038451599443557	0	0.0122724739387597	0	0.00389024594101356	0	0	0	0	0.050173702493742	0	0
TCGA-FS-A1ZU	0.445210982039862	0.179773691630329	0.0881722860506286	0.0303513580619001	0.132396783666968	0.0169828269322239	0.00753971362010834	0.0123028461354419	0.0337804190143729	0	0.0312608517351895	0.00363292049195393	0.00871067644211211	0	0	0.00885496577340198	0.00102967840550721
TCGA-FT-A3EE	0.593795510725936	0.0223057995236373	0.176463481258161	0.0145960580754927	0.00936464957861607	0.0358422369831113	0.0385928753627994	0	0.0181882040900915	0	0.00479763404934612	0.00403396511347346	0	0	0	0	0.0820195852393356
TCGA-FV-A23B	0.699897644398039	0.0769499940219781	0.10120707206792	0.0358644216190511	0.0283752191932058	0	0	0	0	0	0.00707309261312696	0.009723914117797	0	0	0	0	0.040908641968882
TCGA-FV-A2QQ	0.832574257471606	0.0604215160666948	0.017208597110609	0.00273840082363704	0.0169091327687274	0.0173872486651121	0.0246086467882587	0	0	0.0235891907914911	0	0	0	0	0	0	0.00456300951386378
TCGA-FV-A3I0	0.639939416978585	0	0.101925381667135	0.0288338390853408	0	0.037145303519001	0	0.0479773525187496	0	0.0274673924211996	0	0	0	0	0	0.0401924050658217	0.0765189087441676
TCGA-FV-A3R2	0.828924742916136	0.0704884878065818	0.0205684621853817	0	0	0.0171670174922819	0.00825087548510964	0	0.010085468471915	0	0.0249055889766059	0	0	0	0.0196093566659876	0	0
TCGA-FV-A4ZQ	0.813450050831841	0.0878137693485029	0	0.0127858372654845	0.0455468875185232	0.00950946681685368	0	0	0.0226676843169975	0	0	0	0	0	0	0.00822630390179749	0
TCGA-FX-A3RE	0.304042976790963	0.0234050266490207	0.3067864708209	0.0151905070144098	0.0263436694133724	0.00488378670130108	0	0.0470297610905557	0	0.0401698194937123	0.0173957838058362	0	0	0.00484578771680574	0	0	0.209906410503123
TCGA-G3-A25S	0.219983393181432	0.0451704970994465	0.341243729247835	0.0332118132058445	0.151566970133809	0	0.0458202781106667	0	0.0933645256359908	0.0486994621260548	0	0.00456514149399656	0	0.0098838384107771	0.00649035135414651	0	0
TCGA-G3-A25T	0.776000765700049	0.0911867628066667	0.0767521227745018	0.0168163581799386	0	0.0377833129187201	0	0	0	0	0	0.00144929053864744	1.13870814759842e-05	0	0	0	0
TCGA-G3-A25Y	0.580942071154065	0.0006447953375576	0.301048664506489	0	0	0	0.0134273908059187	0	0	0	0	0	1.70668458270029e-05	0	0.103920011350143	0	0
TCGA-G3-A5SL	0.146706839686846	0.0763148499929218	0.330618186656645	0.00189072327052415	0.202056451483349	0	0.116115726057887	0	0.01183481410236	0	0.114462408749467	0	0	0	0	0	0
TCGA-GI-A2C9	0	0.0464493912669148	0.559740088989757	0	0.192110821098045	0	0.0655917018193136	0.00237914838659333	0	0	0	0.00288779674170268	0	0	0.069208729832429	0	0.0616323218652451
TCGA-GM-A2DF	0.274095908111046	0.0428164218092244	0.287006022875096	0.0463800956851964	0.0970502739299939	0.0110807160575792	0	0.0247175741764559	0.119495509194367	0.0594450091060207	0	0.00468653945766013	0.0110358113779875	0	0.022190118219372	0	0
TCGA-GM-A3XL	0.100933615842364	0.0950366040768901	0.582392991127303	0.0063388587506455	0.0748367715893858	0	0.0529800743188916	0	0	0	0.0188482724073634	0	0	0	0	0	0.068632811887156
TCGA-GN-A262	0.148708963915205	0	0.168849605867945	0	0.236428991074624	0	0.100253859091833	0	0.0753771726821797	0	0.157573283720488	0.0378088767799445	0	0.0749992468677814	0	0	0
TCGA-GN-A264	0.371945562750197	0.221134890501307	0.12299134653052	0.0577426757628375	0.106510713428744	0.0143059742228858	0.00379977191853134	0	0	0.0169744249518178	0	0.00882151734767513	0.00547970171213007	0	0	0.0371985514805032	0.0330948693928507
TCGA-GN-A266	0.707538889982716	0.0496239817410307	0.0911723976721002	0	0	0.0363884329525039	0.0490712185833426	0	0.0144530584103033	0	0.00541862336092466	0.00399188845273517	0.00140638720865813	0	0.0409351216356856	0	0
TCGA-GN-A26A	0.590195507484305	0.13745010853237	0	0.100548154548328	0.1207153904065	0.0313536300235448	0.00527095982765672	0	0	0	0	0.00011230456929436	0	0.00944475630409317	0.00490918830390804	0	0
TCGA-H4-A2HQ	0.120780467868957	0.0822002048546004	0.392809031700115	0.0453441250546401	0.196810215197066	0	0.031791296369657	0.0259614487825509	0.031952565072163	0	0.0256175366189139	0	0.00515748354858627	0.00434671523184848	0	0.00560600055624904	0.031622909144653
TCGA-HB-A43Z	0.0532769921694384	0.187524490570033	0.293759341246239	0.0633127527414692	0.275165948329402	0	0.0539770311441633	0.0142763506125914	0	0	0.0392585265381903	0	0	0	0	0.019448566648474	0
TCGA-HB-A5W3	0.504727194901195	0	0.314786878433239	0.103206968388747	0.0162071959138985	0.00130488056667128	0.00240374751024448	0	0	0.00653303054282816	0.0215040324004518	0.00188533168026089	0.000384461761497492	0.0270562779009664	0	0	0
TCGA-HD-7753	0.333248896273245	0.0204606045018673	0.293489402706425	0.076735204292687	0.0742785459927037	0.00645211692586175	0.00554205326547028	0	0.0537203074470214	0.0580324374130961	0.00179974788375761	0	0.00037727286144546	0	0	0.0137621383786492	0.0621012720577704
TCGA-HF-7136	0.393680806912252	0.0308381828609208	0.318639473387371	0.063812546445137	0	0.00368860106390193	0	0.00925839989600938	0	0.0619542018779221	0	0.00213336780497859	0	0.026045168437749	0	0.00213888447129533	0.0878103668424625
TCGA-HU-A4G6	0.746291324833523	0.063427814209047	0.0291239918935194	0.0356751577242667	0.0137719291067853	0.0320404516867154	0	0	0.029602106813477	0	0	0.00897896702330592	0.00500624117545356	0.0166932195011406	0	0.0193887960327662	0
TCGA-IA-A40Y	0.535056531962366	0	0.401434794446779	0.000561237575925623	0	0.0154217298566199	0.0385316619513958	0.00798317779060182	0	0	0	0.0010108664163118	0	0	0	0	0
TCGA-IE-A4EI	0.672826990621063	0.0953136222696155	0.203937786896338	0	0	0.0197021159790339	0.0070287769315997	0	0	0	0	0.00116601285378361	2.46944485663902e-05	0	0	0	0
TCGA-IE-A4EK	0.819561380830458	0.0363625131674535	0.071638874033805	0	0	0	0.0079521922274614	0	0	0.00498348846792521	0.00103164762185135	0.00984652060079523	9.40716848720804e-06	0	0.0486139758817633	0	0
TCGA-IF-A4AJ	0.585259271847839	0.0694100363749992	0.288688378934657	0.0318858039906745	0	0.018504493212007	0	0.000304273054641494	0	0	0	0.00593447174524045	1.32708399415456e-05	0	0	0	0
TCGA-IK-7675	0.624778019651133	0.0892266704428339	0.218643807337896	0	0.0102232865385214	0	0	0	0.00769454693224304	0.0216157137584303	0.015547754552634	0	0.00043945991330303	0	0.0118307408730051	0	0
TCGA-IS-A3K7	0.357574541936224	0.246001561555044	0.148573370841947	0.0260299898075044	0.13618331084555	0.00899457010066796	0.0337838245727018	0	0	0	0.0297769178370804	0.0130819125032802	0	0	0	0	0
TCGA-IS-A3KA	0.139271658301009	0.275043648773539	0.324572251248179	0.0319086100998083	0.125606356920282	0	0	0.00892987220632234	0	0.0242998524385	0	0	0.00178737946701951	0.00471524240968946	0.0172305070671292	0.0466346210685219	0
TCGA-IW-A3M4	0.84000586297778	0.0518974725051636	0.0562280574275417	0	0	0.00280378874476302	0.00522197983944492	8.84009435421661e-05	0	0	0	0.000660278098846043	0	0	0.0430941594629191	0	0
TCGA-IW-A3M5	0.193046169916057	0.134612313701243	0.259655838657144	0.113635053079391	0.18224652599239	0.00454049338186957	0.0421591645251854	0	0.00485045422911164	0	0.0405780971204803	0.00221151494393299	0	0	0	0	0.0224643744531956
TCGA-KL-8323	0.69928950535638	0.00322003317180945	0.097683441437153	0.0059717306609763	0.0413721642954964	0	0.0111717319862186	0	0.000767416790808179	0	0.00735673908620818	0.0039731007462539	0	0.0264678723711118	0.102726264097585	0	0
TCGA-KL-8328	0.566908853029729	0	0.170686704013071	0.01804714256582	0.0851417934458032	0.0123454939176887	0.0540337247201447	0	0	0	0.0186906389100655	0.00187462199809832	0	0	0	0	0.0722710273995793
TCGA-KL-8331	0.526942586169143	0.0500155707573843	0.170626546917397	0.0016633747662423	0.00814527994360409	0.0299474882305381	0.0172888336938098	0.0258171606957798	0	0	0	0.000144316083669043	0	0	0.169408842742432	0	0
TCGA-KL-8332	0.783942056438032	0	0	0	0.0331651921824224	0	0.00411536736973772	0	0.0021750947322685	0	0	0	0	0.0348288106249245	0.141773478652615	0	0
TCGA-KL-8341	0.324291914499061	0.0774139194984885	0.151052769821404	0.0457653261850562	0.185342891901274	0	0.0324964209083333	0.0125402661181473	0.0581413813118066	0	0.0588770058354118	0.000252764098903293	0	0.0134013682972939	0	0	0.0404239715248199
TCGA-KL-8342	0.904008527346552	0	0	0.061244883405293	0	0.0336041318394725	0	0	0	0	0	0.000909586918487628	0	0.000232870490194937	0	0	0
TCGA-KL-8346	0.545942480278612	0	0.261531052070712	0	0.057407115365242	0	0.0608223466835827	0	0	0	0	0	0	0.0345694531710128	0	0.00714780529794811	0.0325797471328907
TCGA-KM-8440	0.838938795396375	0.0106161414112504	0	0	0.00492755200782498	0	0.00428619270596351	0	0	0.00420295857255733	0.0214356230561754	0.0045007359489714	0	0.0337055219959251	0.0773864789049568	0	0
TCGA-KM-8443	0.481044841634237	0.206307372969275	0	0.0285583742435256	0.00895234603593413	0.0122017976999886	0.0433286482533037	0	0.00599294694084699	0	0.09064699194602	0	0	0	0.122966680276869	0	0
TCGA-KM-8476	0.823306565094266	0.0267332659736486	0	0.00814042827098939	0.00222569076306259	0.0287382752663457	0	0.0402981063326032	0.00262019235068573	0	0.0309999429547764	0	0	0.0369375329936219	0	0	0
TCGA-KN-8418	0.886174401776219	0.0269745969774498	0	0.0536551143325323	0	0.0274840342012825	0	0	0	0	0	0.00285813070593524	0	0.00285372200658114	0	0	0
TCGA-KN-8422	0.890520201865309	0	0	0.0441413145321797	0	0.0327836489675465	0	0.0042726239396721	0	0	0	0	0	0.0282822106952932	0	0	0
TCGA-KN-8424	0.907710074365286	0	0	0.0558671426312098	0	0.0353672118740819	0	0	0	0	0	0.000210889684296131	0	0.000844681445126749	0	0	0
TCGA-KN-8425	0.811219491414214	0	0.00215270822530575	0.0333023951679508	0.000625731401106417	0.0240282282205362	0.0204830395637916	0	0	0	0.00240325859840091	0	0	0	0.105785147408694	0	0
TCGA-KN-8426	0.500527772940289	0.00602417497247618	0.228770866802112	0.0191643220458865	0.0487305619253754	9.67385486472676e-05	0.0411428315883779	0	0	0	0	0.00130875796207137	0.000183612528334563	0	0.154050360686429	0	0
TCGA-KN-8427	0.799435716483198	0.0217378325612247	0.0763765702391611	0.0356416259489696	0	0.0198624716876129	0.00646617386153334	0	0	0	0.0204765037247979	0	0	0	0.0200031054935024	0	0
TCGA-KN-8434	0.521003951592067	0.0652574887546267	0.230681559754802	0	0	0.0187948795122001	0.0155548853793003	0.0347239650498957	0	0	0	0	0	0.0208787754264457	0.0931044945306632	0	0
TCGA-KN-8435	0.669910357646922	0.11609963781112	0	0.0341207969214228	0.0371712583581159	0.0105245372879573	0.0137591481252893	0	0.0250109986321119	0	0.0934032652170607	0	0	0	0	0	0
TCGA-MO-A47R	0.193995725010071	0.0374599705772166	0.398728319706189	0.00845995907883905	0.183770183369702	0	0.0763810011973653	0	0	0	0	0.00214785557656758	0	0	0.0990569854840493	0	0
TCGA-NH-A50T	0.590177278738742	0.0445995294869654	0.222778028209194	0.0257178079280726	0	0.0131402621104442	0.0210273871914704	0	0.0196652350922958	0.00592691984247605	0.016806496978321	0	0	0.040161054422018	0	0	0
TCGA-NH-A50V	0.799296702488077	0.097179807047012	0.0336856996793564	0.0140580989955686	0.0155962806923478	0.00253676282264833	0	0	0.0190327951026241	0	0.0142549667353222	0.00213258526266671	0.00222630117437637	0	0	0	0
TCGA-PD-A5DF	0.211740590813227	0	0.316413656520353	0.170794708296086	0.0287056038848679	0.00161963863628626	0.0142926979367251	0	0.021945021683402	0.0117166637513246	0.112077499164657	0	0	0	0	0	0.11069391931307
TCGA-QG-A5YV	0.793740301428771	0.0161626527846927	0.0409174175906657	0.0859770114145055	0	0.0456800230801036	0.00155925108823185	0.00286573557618782	0	0	0	0.00552146789618208	0.00140986167372778	0.00247826372500646	0.00368801374192574	0	0
TCGA-QG-A5YW	0.812077660280822	0.0301977379669846	0.0318755871315502	0.0725912963066752	0	0.0428025417646414	0	0	0.000973336340377487	0	0	0.00163889604466802	0	0.00784294416428164	0	0	0
TCGA-QG-A5YX	0.871047851993854	0.0915075181948947	0	0	0	0.00501124401260087	0.0023391796853971	0	0.00507645550956523	0	0.0196142576377306	0.00306808392060828	0	0	0.00076737683878814	0	0.0015680322065611
